Date,ARDATA.TotalTestResults,ARDATA.TotalTestResultsInc
2020-3-6,6,0
2020-3-7,6,0
2020-3-8,6,0
2020-3-9,12,6
2020-3-10,12,0
2020-3-11,12,0
2020-3-12,30,18
2020-3-13,39,9
2020-3-14,77,38
2020-3-15,119,42
2020-3-16,154,35
2020-3-17,219,65
2020-3-18,269,50
2020-3-19,356,87
2020-3-20,447,91
2020-3-21,685,238
2020-3-22,876,191
2020-3-23,1080,204
2020-3-24,1165,85
2020-3-25,1717,552
2020-3-26,1839,122
2020-3-27,1926,87
2020-3-28,3342,1416
2020-3-29,3453,111
2020-3-30,5735,2282
2020-3-31,6482,747
2020-4-1,7938,1456
2020-4-2,8523,585
2020-4-3,9699,1176
2020-4-4,10370,671
2020-4-5,11242,872
2020-4-6,12845,1603
2020-4-7,13638,793
2020-4-8,14530,892
2020-4-9,14951,421
2020-4-10,17120,2169
2020-4-11,18578,1458
2020-4-12,19722,1144
2020-4-13,20804,1082
2020-4-14,21131,327
2020-4-15,21834,703
2020-4-16,22675,841
2020-4-17,23494,819
2020-4-18,24141,647
2020-4-19,24209,68
2020-4-20,26553,2344
2020-4-21,27441,888
2020-4-22,29713,2272
2020-4-23,31590,1877
2020-4-24,35578,3988
2020-4-25,38053,2475
2020-4-26,39469,1416
2020-4-27,40457,988
2020-4-28,40671,214
2020-4-29,45449,4778
2020-4-30,48379,2930
2020-5-1,49676,1297
2020-5-2,51582,1906
2020-5-3,52890,1308
2020-5-4,54442,1552
2020-5-5,54635,193
2020-5-6,59003,4368
2020-5-7,59995,992
2020-5-8,63994,3999
2020-5-9,65528,1534
2020-5-10,65528,0
2020-5-11,69030,3502
2020-5-12,70444,1414
2020-5-13,73215,2771
2020-5-14,75818,2603
2020-5-15,81529,5711
2020-5-16,81529,0
2020-5-17,85185,3656
2020-5-18,85185,0
2020-5-19,93701,8516
2020-5-20,96258,2557
2020-5-21,99276,3018
2020-5-22,103047,3771
2020-5-23,103047,0
2020-5-24,108581,5534
2020-5-25,111622,3041
2020-5-26,111622,0
2020-5-27,115499,3877
2020-5-28,118641,3142
2020-5-29,119768,1127
2020-5-30,126497,6729
2020-5-31,129515,3018
2020-6-1,133236,3721
2020-6-2,133236,0
2020-6-3,142480,9244
2020-6-4,147385,4905
2020-6-5,150975,3590
2020-6-6,156757,5782
2020-6-7,160273,3516
2020-6-8,160273,0
2020-6-9,170520,10247
2020-6-10,176217,5697
2020-6-11,176217,0
2020-6-12,182645,6428
2020-6-13,187017,4372
2020-6-14,196989,9972
2020-6-15,204052,7063
2020-6-16,205292,1240
2020-6-17,220699,15407
2020-6-18,228434,7735
2020-6-19,234772,6338
2020-6-20,242234,7462
2020-6-21,242234,0
2020-6-22,256339,14105
2020-6-23,264492,8153
2020-6-24,271866,7374
2020-6-25,277380,5514
2020-6-26,277380,0
2020-6-27,283965,6585
2020-6-28,291222,7257
2020-6-29,302536,11314
2020-6-30,311203,8667
2020-7-1,314858,3655
2020-7-2,323987,9129
2020-7-3,331237,7250
2020-7-4,338893,7656
2020-7-5,338893,0
2020-7-6,344529,5636
2020-7-7,350396,5867
2020-7-8,353272,2876
2020-7-9,364661,11389
2020-7-10,364661,0
2020-7-11,369649,4988
2020-7-12,382402,12753
2020-7-13,382402,0
2020-7-14,389505,7103
2020-7-15,395212,5707
2020-7-16,400144,4932
2020-7-17,406849,6705
2020-7-18,413005,6156
2020-7-19,419171,6166
2020-7-20,432816,13645
2020-7-21,439635,6819
2020-7-22,439635,0
2020-7-23,445467,5832
2020-7-24,461464,15997
2020-7-25,461464,0
2020-7-26,477267,15803
2020-7-27,484891,7624
2020-7-28,489906,5015
2020-7-29,495605,5699
2020-7-30,502717,7112
2020-7-31,502717,0
2020-8-1,514581,11864
2020-8-2,514581,0
2020-8-3,527400,12819
2020-8-4,533899,6499
2020-8-5,533899,0
2020-8-6,539101,5202
2020-8-7,551523,12422
2020-8-8,551523,0
2020-8-9,563831,12308
2020-8-10,569320,5489
2020-8-11,572868,3548
2020-8-12,572868,0
2020-8-13,583480,10612
2020-8-14,588660,5180
2020-8-15,588660,0
2020-8-16,622050,33390
2020-8-17,622050,0
2020-8-18,632652,10602
2020-8-19,641280,8628
2020-8-20,648509,7229
2020-8-21,658591,10082
2020-8-22,658591,0
2020-8-23,670826,12235
2020-8-24,673704,2878
2020-8-25,673704,0
2020-8-26,683273,9569
2020-8-27,690028,6755
2020-8-28,698055,8027
2020-8-29,706970,8915
2020-8-30,712687,5717
2020-8-31,727035,14348
2020-9-1,731025,3990
2020-9-2,737449,6424
2020-9-3,737449,0
2020-9-4,747317,9868
2020-9-5,765411,18094
2020-9-6,765411,0
2020-9-7,771910,6499
2020-9-8,782994,11084
2020-9-9,782994,0
2020-9-10,796179,13185
2020-9-11,796179,0
2020-9-12,820354,24175
2020-9-13,820899,545
2020-9-14,827089,6190
2020-9-15,870884,43795
2020-9-16,844689,0
2020-9-17,855321,10632
2020-9-18,866435,11114
2020-9-19,866435,0
2020-9-20,883984,17549
2020-9-21,891524,7540
2020-9-22,897997,6473
2020-9-23,906947,8950
2020-9-24,917413,10466
2020-9-25,926294,8881
2020-9-26,933895,7601
2020-9-27,940627,6732
2020-9-28,997698,57071
2020-9-29,1007905,10207
2020-9-30,1029717,21812
2020-10-1,1042616,12899
2020-10-2,1054260,11644
2020-10-3,1064738,10478
2020-10-4,1072343,7605
2020-10-5,1079144,6801
2020-10-6,1087671,8527
2020-10-7,1097556,9885
2020-10-8,1111526,13970
2020-10-9,1111526,0
2020-10-10,1137716,26190
2020-10-11,1146654,8938
2020-10-12,1155066,8412
2020-10-13,1162665,7599
2020-10-14,1173342,10677
2020-10-15,1186002,12660
2020-10-16,1197898,11896
2020-10-17,1207642,9744
2020-10-18,1215944,8302
2020-10-19,1223914,7970
2020-10-20,1231652,7738
2020-10-21,1242752,11100
2020-10-22,1255534,12782
2020-10-23,1267501,11967
2020-10-24,1280018,12517
2020-10-25,1288000,7982
2020-10-26,1294845,6845
2020-10-27,1303236,8391
2020-10-28,1312942,9706
2020-10-29,1325290,12348
2020-10-30,1336571,11281
2020-10-31,1346972,10401
2020-11-1,1346972,0
2020-11-2,1363429,16457
2020-11-3,1368885,5456
2020-11-4,1380122,11237
2020-11-5,1392905,12783
2020-11-6,1407002,14097
2020-11-7,1418493,11491
2020-11-8,1427871,9378
2020-11-9,1436416,8545
2020-11-10,1444744,8328
2020-11-11,1456994,12250
2020-11-12,1470147,13153
2020-11-13,1483864,13717
2020-11-14,1483864,0
2020-11-15,1505554,21690
2020-11-16,1516866,11312
2020-11-17,1525279,8413
2020-11-18,1537783,12504
2020-11-19,1552450,14667
2020-11-20,1565873,13423
2020-11-21,1580941,15068
2020-11-22,1594947,14006
2020-11-23,1605173,10226
2020-11-24,1617903,12730
2020-11-25,1632506,14603
2020-11-26,1647144,14638
2020-11-27,1655994,8850
2020-11-28,1665585,9591
2020-11-29,1675828,10243
2020-11-30,1683457,7629
2020-12-1,1691453,7996
2020-12-2,1703266,11813
2020-12-3,1719401,16135
2020-12-4,1734686,15285
2020-12-5,1748446,13760
2020-12-6,1763150,14704
2020-12-7,1773073,9923
2020-12-8,1783498,10425
2020-12-9,1800034,16536
2020-12-10,1812998,12964
2020-12-11,1828179,15181
2020-12-12,1843031,14852
2020-12-13,1855704,12673
2020-12-14,1866199,10495
2020-12-15,1874471,8272
2020-12-16,1886088,11617
2020-12-17,1899774,13686
2020-12-18,1913448,13674
2020-12-19,1927271,13823
2020-12-20,1940240,12969
2020-12-21,1949529,9289
2020-12-22,1957978,8449
2020-12-23,1970855,12877
2020-12-24,1989073,18218
2020-12-25,1998908,9835
2020-12-26,2006792,7884
2020-12-27,2011608,4816
2020-12-28,2017146,5538
2020-12-29,2024496,7350
2020-12-30,2039060,14564
2020-12-31,2051488,12428
2021-1-1,2068084,16596
2021-1-2,2079788,11704
2021-1-3,2090197,10409
2021-1-4,2095621,5424
2021-1-5,2104323,8702
2021-1-6,2117692,13369
2021-1-7,2129230,11538
2021-1-8,2142739,13509
2021-1-9,2158016,15277
2021-1-10,2192595,34579
2021-1-11,2202491,9896
2021-1-12,2208736,6245
2021-1-13,2219424,10688
2021-1-14,2233844,14420
2021-1-15,2248612,14768
2021-1-16,2261205,12593
2021-1-17,2272698,11493
2021-1-18,2282211,9513
2021-1-19,2288594,6383
2021-1-20,2302494,13900
2021-1-21,2315535,13041
2021-1-22,2327428,11893
2021-1-23,2338521,11093
2021-1-24,2347388,8867
2021-1-25,2356534,9146
2021-1-26,2368680,12146
2021-1-27,2379938,11258
2021-1-28,2394171,14233
2021-1-29,2407700,13529
2021-1-30,2420194,12494
2021-1-31,2431538,11344
2021-2-1,2438501,6963
2021-2-2,2446230,7729
2021-2-3,2480443,34213
2021-2-4,2496513,16070
2021-2-5,2508232,11719
2021-2-6,2520485,12253
2021-2-7,2529325,8840
2021-2-8,2535155,5830
2021-2-9,2542434,7279
2021-2-10,2552254,9820
2021-2-11,2563275,11021
2021-2-12,2569944,6669
2021-2-13,2578512,8568
2021-2-14,2584498,5986
2021-2-15,2587306,2808
2021-2-16,2589008,1702
2021-2-17,2593431,4423
2021-2-18,2595004,1573
2021-2-19,2597383,2379
2021-2-20,2600443,3060
2021-2-21,2602624,2181
2021-2-22,2605058,2434
2021-2-23,2609837,4779
2021-2-24,2618676,8839
2021-2-25,2627733,9057
2021-2-26,2634339,6606
2021-2-27,2641892,7553
2021-2-28,2695887,53995
2021-3-1,2698497,2610
2021-3-2,2702395,3898
2021-3-3,2709946,7551
2021-3-4,2719229,9283
2021-3-5,2728103,8874
2021-3-6,2733062,4959
2021-3-7,2736442,3380
