Date,CODATA.TotalTestResults,CODATA.TotalTestResultsInc
2020-3-4,0,0
2020-3-5,0,0
2020-3-6,0,0
2020-3-7,0,0
2020-3-8,0,0
2020-3-9,0,0
2020-3-10,0,0
2020-3-11,70,70
2020-3-12,198,128
2020-3-13,333,135
2020-3-14,525,192
2020-3-15,704,179
2020-3-16,1007,303
2020-3-17,1468,461
2020-3-18,2204,736
2020-3-19,2728,524
2020-3-20,3535,807
2020-3-21,4367,832
2020-3-22,5789,1422
2020-3-23,6713,924
2020-3-24,7944,1231
2020-3-25,9078,1134
2020-3-26,10911,1833
2020-3-27,12504,1593
2020-3-28,14191,1687
2020-3-29,15474,1283
2020-3-30,17107,1633
2020-3-31,18514,1407
2020-4-1,20206,1692
2020-4-2,21795,1589
2020-4-3,23611,1816
2020-4-4,25579,1968
2020-4-5,27699,2120
2020-4-6,28901,1202
2020-4-7,30535,1634
2020-4-8,31768,1233
2020-4-9,33967,2199
2020-4-10,35642,1675
2020-4-11,38104,2462
2020-4-12,40689,2585
2020-4-13,42483,1794
2020-4-14,43501,1018
2020-4-15,44683,1182
2020-4-16,46178,1495
2020-4-17,47884,1706
2020-4-18,49465,1581
2020-4-19,51291,1826
2020-4-20,52768,1477
2020-4-21,54244,1476
2020-4-22,56411,2167
2020-4-23,58315,1904
2020-4-24,63564,5249
2020-4-25,66507,2943
2020-4-26,69744,3237
2020-4-27,72403,2659
2020-4-28,75105,2702
2020-4-29,77859,2754
2020-4-30,81171,3312
2020-5-1,84507,3336
2020-5-2,87842,3335
2020-5-3,91424,3582
2020-5-4,93656,2232
2020-5-5,96666,3010
2020-5-6,99827,3161
2020-5-7,103133,3306
2020-5-8,108509,5376
2020-5-9,113189,4680
2020-5-10,117213,4024
2020-5-11,120284,3071
2020-5-12,123213,2929
2020-5-13,127034,3821
2020-5-14,131051,4017
2020-5-15,135313,4262
2020-5-16,139735,4422
2020-5-17,143149,3414
2020-5-18,146418,3269
2020-5-19,149432,3014
2020-5-20,153797,4365
2020-5-21,158918,5121
2020-5-22,162468,3550
2020-5-23,168665,6197
2020-5-24,172044,3379
2020-5-25,176077,4033
2020-5-26,180252,4175
2020-5-27,184692,4440
2020-5-28,191870,7178
2020-5-29,199785,7915
2020-5-30,205488,5703
2020-5-31,213020,7532
2020-6-1,218116,5096
2020-6-2,221511,3395
2020-6-3,226370,4859
2020-6-4,234666,8296
2020-6-5,241247,6581
2020-6-6,246937,5690
2020-6-7,252303,5366
2020-6-8,257564,5261
2020-6-9,262357,4793
2020-6-10,267529,5172
2020-6-11,272930,5401
2020-6-12,278526,5596
2020-6-13,285911,7385
2020-6-14,291804,5893
2020-6-15,296968,5164
2020-6-16,301449,4481
2020-6-17,308267,6818
2020-6-18,314769,6502
2020-6-19,322364,7595
2020-6-20,329380,7016
2020-6-21,335017,5637
2020-6-22,341255,6238
2020-6-23,345369,4114
2020-6-24,351650,6281
2020-6-25,359937,8287
2020-6-26,367175,7238
2020-6-27,375696,8521
2020-6-28,383351,7655
2020-6-29,388813,5462
2020-6-30,394616,5803
2020-7-1,401617,7001
2020-7-2,410323,8706
2020-7-3,418257,7934
2020-7-4,424954,6697
2020-7-5,431701,6747
2020-7-6,438272,6571
2020-7-7,444462,6190
2020-7-8,451593,7131
2020-7-9,460925,9332
2020-7-10,472300,11375
2020-7-11,481350,9050
2020-7-12,490677,9327
2020-7-13,498831,8154
2020-7-14,506128,7297
2020-7-15,514742,8614
2020-7-16,525680,10938
2020-7-17,534621,8941
2020-7-18,543670,9049
2020-7-19,552916,9246
2020-7-20,565299,12383
2020-7-21,574162,8863
2020-7-22,585551,11389
2020-7-23,594731,9180
2020-7-24,608070,13339
2020-7-25,624351,16281
2020-7-26,635575,11224
2020-7-27,638968,3393
2020-7-28,656305,17337
2020-7-29,668245,11940
2020-7-30,678823,10578
2020-7-31,691365,12542
2020-8-1,703954,12589
2020-8-2,714560,10606
2020-8-3,721921,7361
2020-8-4,727026,5105
2020-8-5,754644,27618
2020-8-6,766473,11829
2020-8-7,779670,13197
2020-8-8,791022,11352
2020-8-9,801739,10717
2020-8-10,810276,8537
2020-8-11,817422,7146
2020-8-12,825062,7640
2020-8-13,837290,12228
2020-8-14,848795,11505
2020-8-15,859734,10939
2020-8-16,873051,13317
2020-8-17,881252,8201
2020-8-18,887859,6607
2020-8-19,895207,7348
2020-8-20,906693,11486
2020-8-21,918926,12233
2020-8-22,930152,11226
2020-8-23,938596,8444
2020-8-24,947645,9049
2020-8-25,955641,7996
2020-8-26,962754,7113
2020-8-27,972990,10236
2020-8-28,985622,12632
2020-8-29,994951,9329
2020-8-30,1002802,7851
2020-8-31,1009970,7168
2020-9-1,1014642,4672
2020-9-2,1021497,6855
2020-9-3,1029791,8294
2020-9-4,1040752,10961
2020-9-5,1051084,10332
2020-9-6,1059557,8473
2020-9-7,1069606,10049
2020-9-8,1073979,4373
2020-9-9,1079276,5297
2020-9-10,1087199,7923
2020-9-11,1097985,10786
2020-9-12,1111572,13587
2020-9-13,1124181,12609
2020-9-14,1134666,10485
2020-9-15,1143941,9275
2020-9-16,1153853,9912
2020-9-17,1166910,13057
2020-9-18,1181829,14919
2020-9-19,1195379,13550
2020-9-20,1208425,13046
2020-9-21,1219137,10712
2020-9-22,1232288,13151
2020-9-23,1245745,13457
2020-9-24,1260861,15116
2020-9-25,1277613,16752
2020-9-26,1295655,18042
2020-9-27,1313403,17748
2020-9-28,1326642,13239
2020-9-29,1341180,14538
2020-9-30,1357159,15979
2020-10-1,1376920,19761
2020-10-2,1396346,19426
2020-10-3,1414336,17990
2020-10-4,1430540,16204
2020-10-5,1444262,13722
2020-10-6,1459332,15070
2020-10-7,1477301,17969
2020-10-8,1496198,18897
2020-10-9,1518454,22256
2020-10-10,1541162,22708
2020-10-11,1560179,19017
2020-10-12,1571329,11150
2020-10-13,1588632,17303
2020-10-14,1602956,14324
2020-10-15,1625527,22571
2020-10-16,1646557,21030
2020-10-17,1668053,21496
2020-10-18,1689313,21260
2020-10-19,1708450,19137
2020-10-20,1724038,15588
2020-10-21,1742583,18545
2020-10-22,1764648,22065
2020-10-23,1790404,25756
2020-10-24,1818196,27792
2020-10-25,1842254,24058
2020-10-26,1874101,31847
2020-10-27,1892949,18848
2020-10-28,1910983,18034
2020-10-29,1936408,25425
2020-10-30,1963585,27177
2020-10-31,2004722,41137
2020-11-1,2034795,30073
2020-11-2,2060642,25847
2020-11-3,2082151,21509
2020-11-4,2109114,26963
2020-11-5,2141933,32819
2020-11-6,2177091,35158
2020-11-7,2214788,37697
2020-11-8,2245385,30597
2020-11-9,2274428,29043
2020-11-10,2306782,32354
2020-11-11,2347268,40486
2020-11-12,2391802,44534
2020-11-13,2443599,51797
2020-11-14,2485451,41852
2020-11-15,2523752,38301
2020-11-16,2560096,36344
2020-11-17,2599581,39485
2020-11-18,2640615,41034
2020-11-19,2695700,55085
2020-11-20,2752718,57018
2020-11-21,2807638,54920
2020-11-22,2855610,47972
2020-11-23,2901740,46130
2020-11-24,2939263,37523
2020-11-25,2980399,41136
2020-11-26,3046149,65750
2020-11-27,3091838,45689
2020-11-28,3143227,51389
2020-11-29,3175126,31899
2020-11-30,3218851,43725
2020-12-1,3255541,36690
2020-12-2,3288900,33359
2020-12-3,3343095,54195
2020-12-4,3397074,53979
2020-12-5,3442114,45040
2020-12-6,3478160,36046
2020-12-7,3516003,37843
2020-12-8,3551451,35448
2020-12-9,3591797,40346
2020-12-10,3642518,50721
2020-12-11,3691463,48945
2020-12-12,3738103,46640
2020-12-13,3773301,35198
2020-12-14,3809889,36588
2020-12-15,3841825,31936
2020-12-16,3877267,35442
2020-12-17,3924072,46805
2020-12-18,3971864,47792
2020-12-19,4004868,33004
2020-12-20,4044560,39692
2020-12-21,4076421,31861
2020-12-22,4110742,34321
2020-12-23,4153784,43042
2020-12-24,4197950,44166
2020-12-25,4251042,53092
2020-12-26,4274788,23746
2020-12-27,4306571,31783
2020-12-28,4328896,22325
2020-12-29,4343409,14513
2020-12-30,4368131,24722
2020-12-31,4406667,38536
2021-1-1,4444206,37539
2021-1-2,4474747,30541
2021-1-3,4502496,27749
2021-1-4,4529774,27278
2021-1-5,4562056,32282
2021-1-6,4597755,35699
2021-1-7,4649434,51679
2021-1-8,4692994,43560
2021-1-9,4736803,43809
2021-1-10,4770751,33948
2021-1-11,4798163,27412
2021-1-12,4821636,23473
2021-1-13,4856955,35319
2021-1-14,4895837,38882
2021-1-15,4937103,41266
2021-1-16,4973741,36638
2021-1-17,5007126,33385
2021-1-18,5032041,24915
2021-1-19,5057763,25722
2021-1-20,5098541,40778
2021-1-21,5140301,41760
2021-1-22,5185408,45107
2021-1-23,5221165,35757
2021-1-24,5246911,25746
2021-1-25,5263473,16562
2021-1-26,5279863,16390
2021-1-27,5310316,30453
2021-1-28,5342864,32548
2021-1-29,5393734,50870
2021-1-30,5426059,32325
2021-1-31,5452050,25991
2021-2-1,5467870,15820
2021-2-2,5482105,14235
2021-2-3,5514198,32093
2021-2-4,5551135,36937
2021-2-5,5594425,43290
2021-2-6,5628286,33861
2021-2-7,5653529,25243
2021-2-8,5672214,18685
2021-2-9,5684631,12417
2021-2-10,5684631,0
2021-2-11,5756150,71519
2021-2-12,5799358,43208
2021-2-13,5829955,30597
2021-2-14,5851957,22002
2021-2-15,5861313,9356
2021-2-16,5869369,8056
2021-2-17,5896201,26832
2021-2-18,5926792,30591
2021-2-19,5960772,33980
2021-2-20,5987245,26473
2021-2-21,6011339,24094
2021-2-22,6026476,15137
2021-2-23,6043583,17107
2021-2-24,6080273,36690
2021-2-25,6119346,39073
2021-2-26,6159303,39957
2021-2-27,6190522,31219
2021-2-28,6216201,25679
2021-3-1,6229855,13654
2021-3-2,6243861,14006
2021-3-3,6273669,29808
2021-3-4,6310233,36564
2021-3-5,6343360,33127
2021-3-6,6376960,33600
2021-3-7,6415123,38163
