Date,CTDATA.TotalTestResults,CTDATA.TotalTestResultsInc
2020-2-29,3,0
2020-3-1,4,1
2020-3-2,8,4
2020-3-3,12,4
2020-3-4,24,12
2020-3-5,36,12
2020-3-6,51,15
2020-3-7,64,13
2020-3-8,87,23
2020-3-9,122,35
2020-3-10,168,46
2020-3-11,195,27
2020-3-12,256,61
2020-3-13,353,97
2020-3-14,496,143
2020-3-15,619,123
2020-3-16,755,136
2020-3-17,1325,570
2020-3-18,2314,989
2020-3-19,3663,1349
2020-3-20,5189,1526
2020-3-21,6874,1685
2020-3-22,7848,974
2020-3-23,8541,693
2020-3-24,10345,1804
2020-3-25,12393,2048
2020-3-26,14349,1956
2020-3-27,16611,2262
2020-3-28,18834,2223
2020-3-29,20162,1328
2020-3-30,20991,829
2020-3-31,23118,2127
2020-4-1,25348,2230
2020-4-2,27832,2484
2020-4-3,30227,2395
2020-4-4,32667,2440
2020-4-5,34376,1709
2020-4-6,35533,1157
2020-4-7,38323,2790
2020-4-8,41196,2873
2020-4-9,44202,3006
2020-4-10,46776,2574
2020-4-11,49577,2801
2020-4-12,51382,1805
2020-4-13,52436,1054
2020-4-14,54031,1595
2020-4-15,57689,3658
2020-4-16,60799,3110
2020-4-17,63966,3167
2020-4-18,67664,3698
2020-4-19,69891,2227
2020-4-20,71485,1594
2020-4-21,74978,3493
2020-4-22,78002,3024
2020-4-23,82011,4009
2020-4-24,86072,4061
2020-4-25,90408,4336
2020-4-26,92889,2481
2020-4-27,94779,1890
2020-4-28,99181,4402
2020-4-29,103030,3849
2020-4-30,107736,4706
2020-5-1,111297,3561
2020-5-2,115325,4028
2020-5-3,118513,3188
2020-5-4,120846,2333
2020-5-5,125209,4363
2020-5-6,130021,4812
2020-5-7,134297,4276
2020-5-8,138816,4519
2020-5-9,144888,6072
2020-5-10,147796,2908
2020-5-11,150082,2286
2020-5-12,156179,6097
2020-5-13,164360,8181
2020-5-14,172010,7650
2020-5-15,179711,7701
2020-5-16,187222,7511
2020-5-17,190939,3717
2020-5-18,193621,2682
2020-5-19,200465,6844
2020-5-20,207380,6915
2020-5-21,214445,7065
2020-5-22,221751,7306
2020-5-23,228976,7225
2020-5-24,232376,3400
2020-5-25,234946,2570
2020-5-26,237201,2255
2020-5-27,246223,9022
2020-5-28,254807,8584
2020-5-29,263155,8348
2020-5-30,270608,7453
2020-5-31,274354,3746
2020-6-1,276843,2489
2020-6-2,285068,8225
2020-6-3,292631,7563
2020-6-4,300239,7608
2020-6-5,308515,8276
2020-6-6,316555,8040
2020-6-7,320150,3595
2020-6-8,322572,2422
2020-6-9,331368,8796
2020-6-10,339772,8404
2020-6-11,349054,9282
2020-6-12,356317,7263
2020-6-13,362824,6507
2020-6-14,365832,3008
2020-6-15,368225,2393
2020-6-16,377177,8952
2020-6-17,387057,9880
2020-6-18,397241,10184
2020-6-19,406107,8866
2020-6-20,412718,6611
2020-6-21,417048,4330
2020-6-22,420223,3175
2020-6-23,432257,12034
2020-6-24,444259,12002
2020-6-25,457793,13534
2020-6-26,471664,13871
2020-6-27,482865,11201
2020-6-28,488190,5325
2020-6-29,492033,3843
2020-6-30,505320,13287
2020-7-1,520354,15034
2020-7-2,534217,13863
2020-7-3,548321,14104
2020-7-4,554143,5822
2020-7-5,556266,2123
2020-7-6,560582,4316
2020-7-7,575788,15206
2020-7-8,590350,14562
2020-7-9,605418,15068
2020-7-10,618109,12691
2020-7-11,630390,12281
2020-7-12,635511,5121
2020-7-13,639773,4262
2020-7-14,654208,14435
2020-7-15,670091,15883
2020-7-16,684447,14356
2020-7-17,697658,13211
2020-7-18,710591,12933
2020-7-19,714544,3953
2020-7-20,720641,6097
2020-7-21,733689,13048
2020-7-22,747508,13819
2020-7-23,761800,14292
2020-7-24,777284,15484
2020-7-25,789504,12220
2020-7-26,794909,5405
2020-7-27,802172,7263
2020-7-28,815632,13460
2020-7-29,830025,14393
2020-7-30,845262,15237
2020-7-31,859758,14496
2020-8-1,871439,11681
2020-8-2,876891,5452
2020-8-3,884263,7372
2020-8-4,897166,12903
2020-8-5,909639,12473
2020-8-6,923020,13381
2020-8-7,938176,15156
2020-8-8,949700,11524
2020-8-9,955009,5309
2020-8-10,961507,6498
2020-8-11,977662,16155
2020-8-12,992993,15331
2020-8-13,1009402,16409
2020-8-14,1025258,15856
2020-8-15,1039857,14599
2020-8-16,1047096,7239
2020-8-17,1056306,9210
2020-8-18,1075819,19513
2020-8-19,1092816,16997
2020-8-20,1110632,17816
2020-8-21,1128475,17843
2020-8-22,1142990,14515
2020-8-23,1149750,6760
2020-8-24,1155574,5824
2020-8-25,1175587,20013
2020-8-26,1196461,20874
2020-8-27,1217047,20586
2020-8-28,1236317,19270
2020-8-29,1254478,18161
2020-8-30,1262682,8204
2020-8-31,1271081,8399
2020-9-1,1291562,20481
2020-9-2,1312085,20523
2020-9-3,1332122,20037
2020-9-4,1354119,21997
2020-9-5,1370192,16073
2020-9-6,1377228,7036
2020-9-7,1382796,5568
2020-9-8,1392089,9293
2020-9-9,1419928,27839
2020-9-10,1447304,27376
2020-9-11,1468942,21638
2020-9-12,1486307,17365
2020-9-13,1494288,7981
2020-9-14,1501649,7361
2020-9-15,1525304,23655
2020-9-16,1550296,24992
2020-9-17,1573436,23140
2020-9-18,1595317,21881
2020-9-19,1613496,18179
2020-9-20,1620884,7388
2020-9-21,1628505,7621
2020-9-22,1652777,24272
2020-9-23,1680472,27695
2020-9-24,1704232,23760
2020-9-25,1727225,22993
2020-9-26,1746340,19115
2020-9-27,1754194,7854
2020-9-28,1759882,5688
2020-9-29,1788849,28967
2020-9-30,1819479,30630
2020-10-1,1846242,26763
2020-10-2,1873291,27049
2020-10-3,1896655,23364
2020-10-4,1906427,9772
2020-10-5,1914226,7799
2020-10-6,1948435,34209
2020-10-7,1982647,34212
2020-10-8,2013786,31139
2020-10-9,2041351,27565
2020-10-10,2065143,23792
2020-10-11,2074663,9520
2020-10-12,2082309,7646
2020-10-13,2110294,27985
2020-10-14,2139439,29145
2020-10-15,2168710,29271
2020-10-16,2196418,27708
2020-10-17,2221260,24842
2020-10-18,2231828,10568
2020-10-19,2242193,10365
2020-10-20,2279693,37500
2020-10-21,2318406,38713
2020-10-22,2350354,31948
2020-10-23,2383634,33280
2020-10-24,2409686,26052
2020-10-25,2420980,11294
2020-10-26,2431270,10290
2020-10-27,2470770,39500
2020-10-28,2516315,45545
2020-10-29,2555310,38995
2020-10-30,2588634,33324
2020-10-31,2614810,26176
2020-11-1,2626568,11758
2020-11-2,2637691,11123
2020-11-3,2680046,42355
2020-11-4,2720628,40582
2020-11-5,2760346,39718
2020-11-6,2800435,40089
2020-11-7,2836102,35667
2020-11-8,2851316,15214
2020-11-9,2864372,13056
2020-11-10,2911126,46754
2020-11-11,2959161,48035
2020-11-12,3001602,42441
2020-11-13,3043259,41657
2020-11-14,3082028,38769
2020-11-15,3100499,18471
2020-11-16,3116927,16428
2020-11-17,3167012,50085
2020-11-18,3213769,46757
2020-11-19,3262173,48404
2020-11-20,3305223,43050
2020-11-21,3347172,41949
2020-11-22,3368107,20935
2020-11-23,3386920,18813
2020-11-24,3440312,53392
2020-11-25,3492767,52455
2020-11-26,3533016,40249
2020-11-27,3536393,3377
2020-11-28,3566430,30037
2020-11-29,3583685,17255
2020-11-30,3597001,13316
2020-12-1,3637060,40059
2020-12-2,3679886,42826
2020-12-3,3721001,41115
2020-12-4,3758037,37036
2020-12-5,3789263,31226
2020-12-6,3804972,15709
2020-12-7,3819340,14368
2020-12-8,3859849,40509
2020-12-9,3900277,40428
2020-12-10,3942157,41880
2020-12-11,3979041,36884
2020-12-12,4012443,33402
2020-12-13,4029859,17416
2020-12-14,4043471,13612
2020-12-15,4089368,45897
2020-12-16,4131459,42091
2020-12-17,4168401,36942
2020-12-18,4176750,8349
2020-12-19,4209901,33151
2020-12-20,4227062,17161
2020-12-21,4243017,15955
2020-12-22,4290912,47895
2020-12-23,4336660,45748
2020-12-24,4375897,39237
2020-12-25,4396459,20562
2020-12-26,4399084,2625
2020-12-27,4416602,17518
2020-12-28,4432018,15416
2020-12-29,4479069,47051
2020-12-30,4523665,44596
2020-12-31,4565074,41409
2021-1-1,4593460,28386
2021-1-2,4598829,5369
2021-1-3,4621146,22317
2021-1-4,4638730,17584
2021-1-5,4690129,51399
2021-1-6,4736731,46602
2021-1-7,4780305,43574
2021-1-8,4818730,38425
2021-1-9,4851011,32281
2021-1-10,4870646,19635
2021-1-11,4885892,15246
2021-1-12,4936499,50607
2021-1-13,4981615,45116
2021-1-14,5024064,42449
2021-1-15,5060297,36233
2021-1-16,5093314,33017
2021-1-17,5111370,18056
2021-1-18,5128129,16759
2021-1-19,5169887,41758
2021-1-20,5216192,46305
2021-1-21,5257608,41416
2021-1-22,5295931,38323
2021-1-23,5329587,33656
2021-1-24,5348266,18679
2021-1-25,5365702,17436
2021-1-26,5419361,53659
2021-1-27,5462584,43223
2021-1-28,5495472,32888
2021-1-29,5520842,25370
2021-1-30,5534681,13839
2021-1-31,5536633,1952
2021-2-1,5536731,98
2021-2-2,5588593,51862
2021-2-3,5598102,9509
2021-2-4,5624309,26207
2021-2-5,5667649,43340
2021-2-6,5667649,0
2021-2-7,5667649,0
2021-2-8,5779840,112191
2021-2-9,5799075,19235
2021-2-10,5824621,25546
2021-2-11,5864806,40185
2021-2-12,5897899,33093
2021-2-13,5897899,0
2021-2-14,5897899,0
2021-2-15,5986619,88720
2021-2-16,6004931,18312
2021-2-17,6028597,23666
2021-2-18,6053550,24953
2021-2-19,6096514,42964
2021-2-20,6096514,0
2021-2-21,6096514,0
2021-2-22,6177475,80961
2021-2-23,6198707,21232
2021-2-24,6227431,28724
2021-2-25,6267131,39700
2021-2-26,6299277,32146
2021-2-27,6299277,0
2021-2-28,6299277,0
2021-3-1,6403426,104149
2021-3-2,6418467,15041
2021-3-3,6435635,17168
2021-3-4,6478498,42863
2021-3-5,6520366,41868
2021-3-6,6520366,0
2021-3-7,6520366,0
