Date,DEDATA.TotalTestResults,DEDATA.TotalTestResultsInc
2020-3-6,0,0
2020-3-7,0,0
2020-3-8,0,0
2020-3-9,0,0
2020-3-10,0,0
2020-3-11,10,10
2020-3-12,12,2
2020-3-13,19,7
2020-3-14,28,9
2020-3-15,60,32
2020-3-16,120,60
2020-3-17,351,231
2020-3-18,417,66
2020-3-19,897,480
2020-3-20,1201,304
2020-3-21,1386,185
2020-3-22,1732,346
2020-3-23,2102,370
2020-3-24,2366,264
2020-3-25,2729,363
2020-3-26,3148,419
2020-3-27,3562,414
2020-3-28,3993,431
2020-3-29,4469,476
2020-3-30,5011,542
2020-3-31,5468,457
2020-4-1,6058,590
2020-4-2,6600,542
2020-4-3,7170,570
2020-4-4,8376,1206
2020-4-5,9447,1071
2020-4-6,10694,1247
2020-4-7,11555,861
2020-4-8,12216,661
2020-4-9,13434,1218
2020-4-10,14303,869
2020-4-11,14964,661
2020-4-12,16062,1098
2020-4-13,16750,688
2020-4-14,17303,553
2020-4-15,17794,491
2020-4-16,18509,715
2020-4-17,19223,714
2020-4-18,20194,971
2020-4-19,20985,791
2020-4-20,21927,942
2020-4-21,22628,701
2020-4-22,23011,383
2020-4-23,24107,1096
2020-4-24,24876,769
2020-4-25,26109,1233
2020-4-26,27375,1266
2020-4-27,28423,1048
2020-4-28,29153,730
2020-4-29,29984,831
2020-4-30,30832,848
2020-5-1,31575,743
2020-5-2,32497,922
2020-5-3,33660,1163
2020-5-4,34829,1169
2020-5-5,35679,850
2020-5-6,36804,1125
2020-5-7,38181,1377
2020-5-8,39891,1710
2020-5-9,41950,2059
2020-5-10,43897,1947
2020-5-11,45527,1630
2020-5-12,46480,953
2020-5-13,47226,746
2020-5-14,48330,1104
2020-5-15,49672,1342
2020-5-16,51064,1392
2020-5-17,54098,3034
2020-5-18,56191,2093
2020-5-19,57174,983
2020-5-20,58054,880
2020-5-21,59225,1171
2020-5-22,60331,1106
2020-5-23,61809,1478
2020-5-24,64095,2286
2020-5-25,65225,1130
2020-5-26,66239,1014
2020-5-27,67983,1744
2020-5-28,68777,794
2020-5-29,69829,1052
2020-5-30,72538,2709
2020-5-31,74820,2282
2020-6-1,76477,1657
2020-6-2,77243,766
2020-6-3,77801,558
2020-6-4,79033,1232
2020-6-5,80892,1859
2020-6-6,82789,1897
2020-6-7,83696,907
2020-6-8,84796,1100
2020-6-9,85798,1002
2020-6-10,87782,1984
2020-6-11,89446,1664
2020-6-12,91065,1619
2020-6-13,93481,2416
2020-6-14,96852,3371
2020-6-15,99741,2889
2020-6-16,102482,2741
2020-6-17,105130,2648
2020-6-18,106109,979
2020-6-19,107565,1456
2020-6-20,112425,4860
2020-6-21,115286,2861
2020-6-22,118099,2813
2020-6-23,121566,3467
2020-6-24,123870,2304
2020-6-25,125054,1184
2020-6-26,127288,2234
2020-6-27,132268,4980
2020-6-28,135387,3119
2020-6-29,140226,4839
2020-6-30,143661,3435
2020-7-1,147835,4174
2020-7-2,149453,1618
2020-7-3,152066,2613
2020-7-4,160120,8054
2020-7-5,164616,4496
2020-7-6,168358,3742
2020-7-7,173989,5631
2020-7-8,175265,1276
2020-7-9,177316,2051
2020-7-10,180062,2746
2020-7-11,184699,4637
2020-7-12,188572,3873
2020-7-13,191087,2515
2020-7-14,193326,2239
2020-7-15,197100,3774
2020-7-16,199257,2157
2020-7-17,202770,3513
2020-7-18,208030,5260
2020-7-19,211955,3925
2020-7-20,216664,4709
2020-7-21,220677,4013
2020-7-22,224096,3419
2020-7-23,226065,1969
2020-7-24,228919,2854
2020-7-25,232034,3115
2020-7-26,234613,2579
2020-7-27,237580,2967
2020-7-28,241268,3688
2020-7-29,244364,3096
2020-7-30,246059,1695
2020-7-31,247893,1834
2020-8-1,253102,5209
2020-8-2,256265,3163
2020-8-3,259956,3691
2020-8-4,262571,2615
2020-8-5,266019,3448
2020-8-6,267521,1502
2020-8-7,270321,2800
2020-8-8,274258,3937
2020-8-9,276627,2369
2020-8-10,280420,3793
2020-8-11,283240,2820
2020-8-12,286367,3127
2020-8-13,288414,2047
2020-8-14,291027,2613
2020-8-15,295001,3974
2020-8-16,297953,2952
2020-8-17,300722,2769
2020-8-18,303982,3260
2020-8-19,306918,2936
2020-8-20,308995,2077
2020-8-21,310771,1776
2020-8-22,314165,3394
2020-8-23,317458,3293
2020-8-24,321652,4194
2020-8-25,322926,1274
2020-8-26,325421,2495
2020-8-27,328706,3285
2020-8-28,331841,3135
2020-8-29,336560,4719
2020-8-30,340783,4223
2020-8-31,343068,2285
2020-9-1,345953,2885
2020-9-2,350412,4459
2020-9-3,352274,1862
2020-9-4,355065,2791
2020-9-5,358843,3778
2020-9-6,360999,2156
2020-9-7,365971,4972
2020-9-8,368554,2583
2020-9-9,371126,2572
2020-9-10,372447,1321
2020-9-11,375111,2664
2020-9-12,377529,2418
2020-9-13,381020,3491
2020-9-14,386016,4996
2020-9-15,388675,2659
2020-9-16,390957,2282
2020-9-17,394405,3448
2020-9-18,397306,2901
2020-9-19,400389,3083
2020-9-20,403029,2640
2020-9-21,406490,3461
2020-9-22,409902,3412
2020-9-23,411330,1428
2020-9-24,411966,636
2020-9-25,413370,1404
2020-9-26,415613,2243
2020-9-27,420722,5109
2020-9-28,424971,4249
2020-9-29,428230,3259
2020-9-30,430146,1916
2020-10-1,431545,1399
2020-10-2,433551,2006
2020-10-3,438318,4767
2020-10-4,442920,4602
2020-10-5,448345,5425
2020-10-6,452026,3681
2020-10-7,455135,3109
2020-10-8,457055,1920
2020-10-9,460504,3449
2020-10-10,466823,6319
2020-10-11,475176,8353
2020-10-12,481441,6265
2020-10-13,486901,5460
2020-10-14,490608,3707
2020-10-15,492216,1608
2020-10-16,495415,3199
2020-10-17,501473,6058
2020-10-18,506571,5098
2020-10-19,513029,6458
2020-10-20,515381,2352
2020-10-21,518758,3377
2020-10-22,520241,1483
2020-10-23,523154,2913
2020-10-24,528430,5276
2020-10-25,533212,4782
2020-10-26,539399,6187
2020-10-27,542722,3323
2020-10-28,544780,2058
2020-10-29,546837,2057
2020-10-30,550857,4020
2020-10-31,554871,4014
2020-11-1,561267,6396
2020-11-2,565983,4716
2020-11-3,570060,4077
2020-11-4,572483,2423
2020-11-5,573791,1308
2020-11-6,577122,3331
2020-11-7,582281,5159
2020-11-8,587562,5281
2020-11-9,593799,6237
2020-11-10,599043,5244
2020-11-11,603328,4285
2020-11-12,604647,1319
2020-11-13,608774,4127
2020-11-14,616447,7673
2020-11-15,622341,5894
2020-11-16,628938,6597
2020-11-17,634013,5075
2020-11-18,642126,8113
2020-11-19,643342,1216
2020-11-20,659454,16112
2020-11-21,670356,10902
2020-11-22,679949,9593
2020-11-23,687482,7533
2020-11-24,693009,5527
2020-11-25,699643,6634
2020-11-26,705587,5944
2020-11-27,709251,3664
2020-11-28,720190,10939
2020-11-29,729464,9274
2020-11-30,740434,10970
2020-12-1,744188,3754
2020-12-2,748039,3851
2020-12-3,756629,8590
2020-12-4,760804,4175
2020-12-5,769818,9014
2020-12-6,778298,8480
2020-12-7,788258,9960
2020-12-8,796339,8081
2020-12-9,802180,5841
2020-12-10,810338,8158
2020-12-11,819158,8820
2020-12-12,829032,9874
2020-12-13,835861,6829
2020-12-14,845792,9931
2020-12-15,854348,8556
2020-12-16,864024,9676
2020-12-17,874587,10563
2020-12-18,882919,8332
2020-12-19,890439,7520
2020-12-20,898435,7996
2020-12-21,905564,7129
2020-12-22,910372,4808
2020-12-23,913754,3382
2020-12-24,921583,7829
2020-12-25,929429,7846
2020-12-26,939229,9800
2020-12-27,946340,7111
2020-12-28,956366,10026
2020-12-29,966871,10505
2020-12-30,972556,5685
2020-12-31,978204,5648
2021-1-1,984606,6402
2021-1-2,991318,6712
2021-1-3,996096,4778
2021-1-4,1004179,8083
2021-1-5,1013723,9544
2021-1-6,1020329,6606
2021-1-7,1029436,9107
2021-1-8,1039419,9983
2021-1-9,1044510,5091
2021-1-10,1052875,8365
2021-1-11,1063800,10925
2021-1-12,1073700,9900
2021-1-13,1081445,7745
2021-1-14,1089972,8527
2021-1-15,1101490,11518
2021-1-16,1108131,6641
2021-1-17,1116162,8031
2021-1-18,1126630,10468
2021-1-19,1134451,7821
2021-1-20,1142091,7640
2021-1-21,1148366,6275
2021-1-22,1157126,8760
2021-1-23,1167997,10871
2021-1-24,1176841,8844
2021-1-25,1184957,8116
2021-1-26,1192732,7775
2021-1-27,1200135,7403
2021-1-28,1203211,3076
2021-1-29,1211530,8319
2021-1-30,1221186,9656
2021-1-31,1230883,9697
2021-2-1,1236920,6037
2021-2-2,1243589,6669
2021-2-3,1249291,5702
2021-2-4,1250852,1561
2021-2-5,1253654,2802
2021-2-6,1260655,7001
2021-2-7,1269888,9233
2021-2-8,1278028,8140
2021-2-9,1285813,7785
2021-2-10,1289283,3470
2021-2-11,1293220,3937
2021-2-12,1300275,7055
2021-2-13,1309388,9113
2021-2-14,1319220,9832
2021-2-15,1323091,3871
2021-2-16,1327849,4758
2021-2-17,1333004,5155
2021-2-18,1335597,2593
2021-2-19,1341919,6322
2021-2-20,1348654,6735
2021-2-21,1356971,8317
2021-2-22,1359259,2288
2021-2-23,1363675,4416
2021-2-24,1368734,5059
2021-2-25,1371551,2817
2021-2-26,1377802,6251
2021-2-27,1387364,9562
2021-2-28,1395584,8220
2021-3-1,1400454,4870
2021-3-2,1405303,4849
2021-3-3,1409916,4613
2021-3-4,1413640,3724
2021-3-5,1417318,3678
2021-3-6,1426075,8757
2021-3-7,1431942,5867
