Date,FLDATA.TotalTestResults,FLDATA.TotalTestResultsInc
2020-1-29,1,0
2020-1-30,1,0
2020-1-31,4,3
2020-2-1,4,0
2020-2-2,4,0
2020-2-3,4,0
2020-2-4,6,2
2020-2-5,6,0
2020-2-6,6,0
2020-2-7,6,0
2020-2-8,7,1
2020-2-9,7,0
2020-2-10,7,0
2020-2-11,8,1
2020-2-12,8,0
2020-2-13,9,1
2020-2-14,9,0
2020-2-15,12,3
2020-2-16,12,0
2020-2-17,13,1
2020-2-18,13,0
2020-2-19,13,0
2020-2-20,13,0
2020-2-21,13,0
2020-2-22,14,1
2020-2-23,14,0
2020-2-24,14,0
2020-2-25,15,1
2020-2-26,15,0
2020-2-27,15,0
2020-2-28,15,0
2020-2-29,15,0
2020-3-1,15,0
2020-3-2,15,0
2020-3-3,19,4
2020-3-4,22,3
2020-3-5,41,19
2020-3-6,68,27
2020-3-7,116,48
2020-3-8,143,27
2020-3-9,179,36
2020-3-10,263,84
2020-3-11,334,71
2020-3-12,387,53
2020-3-13,505,118
2020-3-14,704,199
2020-3-15,1140,436
2020-3-16,1321,181
2020-3-17,1912,591
2020-3-18,2616,704
2020-3-19,3671,1055
2020-3-20,4773,1102
2020-3-21,6192,1419
2020-3-22,8487,2295
2020-3-23,11284,2797
2020-3-24,12954,1670
2020-3-25,15835,2881
2020-3-26,22737,6902
2020-3-27,28363,5626
2020-3-28,34607,6244
2020-3-29,40982,6375
2020-3-30,48119,7137
2020-3-31,55046,6927
2020-4-1,63259,8213
2020-4-2,71703,8444
2020-4-3,84386,12683
2020-4-4,95124,10738
2020-4-5,107267,12143
2020-4-6,114285,7018
2020-4-7,125348,11063
2020-4-8,136858,11510
2020-4-9,143351,6493
2020-4-10,157362,14011
2020-4-11,166804,9442
2020-4-12,178055,11251
2020-4-13,186752,8697
2020-4-14,195443,8691
2020-4-15,201864,6421
2020-4-16,211489,9625
2020-4-17,226950,15461
2020-4-18,239745,12795
2020-4-19,248903,9158
2020-4-20,258121,9218
2020-4-21,268700,10579
2020-4-22,280934,12234
2020-4-23,291998,11064
2020-4-24,310609,18611
2020-4-25,324016,13407
2020-4-26,340916,16900
2020-4-27,349793,8877
2020-4-28,361556,11763
2020-4-29,368569,7013
2020-4-30,378239,9670
2020-5-1,396464,18225
2020-5-2,412850,16386
2020-5-3,425243,12393
2020-5-4,440615,15372
2020-5-5,461682,21067
2020-5-6,476485,14803
2020-5-7,490296,13811
2020-5-8,507598,17302
2020-5-9,524343,16745
2020-5-10,538027,13684
2020-5-11,555807,17780
2020-5-12,576962,21155
2020-5-13,591519,14557
2020-5-14,607219,15700
2020-5-15,622753,15534
2020-5-16,629359,6606
2020-5-17,650908,21549
2020-5-18,670220,19312
2020-5-19,700701,30481
2020-5-20,772023,71322
2020-5-21,817226,45203
2020-5-22,841067,23841
2020-5-23,866920,25853
2020-5-24,882626,15706
2020-5-25,920104,37478
2020-5-26,938170,18066
2020-5-27,952142,13972
2020-5-28,971639,19497
2020-5-29,1008376,36737
2020-5-30,1022691,14315
2020-5-31,1049404,26713
2020-6-1,1073626,24222
2020-6-2,1083794,10168
2020-6-3,1109419,25625
2020-6-4,1143981,34562
2020-6-5,1172244,28263
2020-6-6,1208092,35848
2020-6-7,1258807,50715
2020-6-8,1283747,24940
2020-6-9,1312922,29175
2020-6-10,1334261,21339
2020-6-11,1362057,27796
2020-6-12,1392549,30492
2020-6-13,1427556,35007
2020-6-14,1473348,45792
2020-6-15,1504255,30907
2020-6-16,1538668,34413
2020-6-17,1561493,22825
2020-6-18,1590585,29092
2020-6-19,1622106,31521
2020-6-20,1653080,30974
2020-6-21,1690172,37092
2020-6-22,1724166,33994
2020-6-23,1757843,33677
2020-6-24,1790441,32598
2020-6-25,1843506,53065
2020-6-26,1908520,65014
2020-6-27,1979724,71204
2020-6-28,2044514,64790
2020-6-29,2082221,37707
2020-6-30,2121648,39427
2020-7-1,2163496,41848
2020-7-2,2225989,62493
2020-7-3,2286612,60623
2020-7-4,2364452,77840
2020-7-5,2428240,63788
2020-7-6,2468749,40509
2020-7-7,2512111,43362
2020-7-8,2579547,67436
2020-7-9,2626323,46776
2020-7-10,2711279,84956
2020-7-11,2788787,77508
2020-7-12,2917932,129145
2020-7-13,3018914,100982
2020-7-14,3078403,59489
2020-7-15,3149444,71041
2020-7-16,3252528,103084
2020-7-17,3344252,91724
2020-7-18,3424946,80694
2020-7-19,3526542,101596
2020-7-20,3595456,68914
2020-7-21,3661911,66455
2020-7-22,3750496,88585
2020-7-23,3830539,80043
2020-7-24,3921208,90669
2020-7-25,4023711,102503
2020-7-26,4105191,81480
2020-7-27,4180523,75332
2020-7-28,4256937,76414
2020-7-29,4331458,74521
2020-7-30,4411574,80116
2020-7-31,4493776,82202
2020-8-1,4578231,84455
2020-8-2,4652563,74332
2020-8-3,4704476,51913
2020-8-4,4752867,48391
2020-8-5,4801814,48947
2020-8-6,4890559,88745
2020-8-7,4964316,73757
2020-8-8,5047703,83387
2020-8-9,5119253,71550
2020-8-10,5167187,47934
2020-8-11,5222659,55472
2020-8-12,5289628,66969
2020-8-13,5354124,64496
2020-8-14,5428856,74732
2020-8-15,5509603,80747
2020-8-16,5558341,48738
2020-8-17,5590913,32572
2020-8-18,5639141,48228
2020-8-19,5696967,57826
2020-8-20,5763199,66232
2020-8-21,5830583,67384
2020-8-22,5915679,85096
2020-8-23,5968059,52380
2020-8-24,6007222,39163
2020-8-25,6043455,36233
2020-8-26,6099975,56520
2020-8-27,6150627,50652
2020-8-28,6215891,65264
2020-8-29,6278817,62926
2020-8-30,6330707,51890
2020-8-31,6364260,33553
2020-9-1,6474550,110290
2020-9-2,6518566,44016
2020-9-3,6575983,57417
2020-9-4,6638472,62489
2020-9-5,6699970,61498
2020-9-6,6749937,49967
2020-9-7,6790731,40794
2020-9-8,6827065,36334
2020-9-9,6865939,38874
2020-9-10,6911776,45837
2020-9-11,6977912,66136
2020-9-12,7049267,71355
2020-9-13,7105309,56042
2020-9-14,7151340,46031
2020-9-15,7214436,63096
2020-9-16,7266009,51573
2020-9-17,7339212,73203
2020-9-18,7415354,76142
2020-9-19,7493574,78220
2020-9-20,7547048,53474
2020-9-21,7585328,38280
2020-9-22,7625850,40522
2020-9-23,7674776,48926
2020-9-24,7732872,58096
2020-9-25,7798487,65615
2020-9-26,7864927,66440
2020-9-27,7910195,45268
2020-9-28,7929199,19004
2020-9-29,7993421,64222
2020-9-30,8034148,40727
2020-10-1,8094054,59906
2020-10-2,8164667,70613
2020-10-3,8222917,58250
2020-10-4,8272347,49430
2020-10-5,8307712,35365
2020-10-6,8350705,42993
2020-10-7,8411529,60824
2020-10-8,8482940,71411
2020-10-9,8552582,69642
2020-10-10,8575105,22523
2020-10-11,8680909,105804
2020-10-12,8717711,36802
2020-10-13,8771490,53779
2020-10-14,8824105,52615
2020-10-15,8887690,63585
2020-10-16,8965336,77646
2020-10-17,9042143,76807
2020-10-18,9095257,53114
2020-10-19,9131321,36064
2020-10-20,9189623,58302
2020-10-21,9221524,31901
2020-10-22,9318880,97356
2020-10-23,9411692,92812
2020-10-24,9532175,120483
2020-10-25,9582390,50215
2020-10-26,9638950,56560
2020-10-27,9703491,64541
2020-10-28,9774192,70701
2020-10-29,9855604,81412
2020-10-30,9943626,88022
2020-10-31,9979348,35722
2020-11-1,10086898,107550
2020-11-2,10126764,39866
2020-11-3,10182460,55696
2020-11-4,10236958,54498
2020-11-5,10328997,92039
2020-11-6,10405346,76349
2020-11-7,10453650,48304
2020-11-8,10555504,101854
2020-11-9,10600474,44970
2020-11-10,10646926,46452
2020-11-11,10714303,67377
2020-11-12,10783307,69004
2020-11-13,10861776,78469
2020-11-14,10899389,37613
2020-11-15,11022168,122779
2020-11-16,11073495,51327
2020-11-17,11150840,77345
2020-11-18,11237905,87065
2020-11-19,11348596,110691
2020-11-20,11456461,107865
2020-11-21,11570159,113698
2020-11-22,11660928,90769
2020-11-23,11740720,79792
2020-11-24,11842707,101987
2020-11-25,11949292,106585
2020-11-26,11949292,0
2020-11-27,12191982,242690
2020-11-28,12271258,79276
2020-11-29,12356348,85090
2020-11-30,12427765,71417
2020-12-1,12517482,89717
2020-12-2,12615881,98399
2020-12-3,12735220,119339
2020-12-4,12857097,121877
2020-12-5,12986939,129842
2020-12-6,13083521,96582
2020-12-7,13175860,92339
2020-12-8,13265616,89756
2020-12-9,13363431,97815
2020-12-10,13490464,127033
2020-12-11,13621566,131102
2020-12-12,13741998,120432
2020-12-13,13845471,103473
2020-12-14,13936200,90729
2020-12-15,14022177,85977
2020-12-16,14130578,108401
2020-12-17,14262140,131562
2020-12-18,14394820,132680
2020-12-19,14518063,123243
2020-12-20,14611374,93311
2020-12-21,14728047,116673
2020-12-22,14833408,105361
2020-12-23,14941870,108462
2020-12-24,15093456,151586
2020-12-25,15093456,0
2020-12-26,15281351,187895
2020-12-27,15343992,62641
2020-12-28,15407980,63988
2020-12-29,15443777,35797
2020-12-30,15584370,140593
2020-12-31,15703599,119229
2021-1-1,15703599,0
2021-1-2,15950750,247151
2021-1-3,16020601,69851
2021-1-4,16095888,75287
2021-1-5,16196076,100188
2021-1-6,16310438,114362
2021-1-7,16451278,140840
2021-1-8,16592877,141599
2021-1-9,16715694,122817
2021-1-10,16817965,102271
2021-1-11,16914911,96946
2021-1-12,17031970,117059
2021-1-13,17148040,116070
2021-1-14,17282796,134756
2021-1-15,17424558,141762
2021-1-16,17546717,122159
2021-1-17,17654084,107367
2021-1-18,17728996,74912
2021-1-19,17821375,92379
2021-1-20,17910668,89293
2021-1-21,18042225,131557
2021-1-22,18126056,83831
2021-1-23,18295646,169590
2021-1-24,18397824,102178
2021-1-25,18477869,80045
2021-1-26,18566269,88400
2021-1-27,18631782,65513
2021-1-28,18765200,133418
2021-1-29,18819999,54799
2021-1-30,19027767,207768
2021-1-31,19157510,129743
2021-2-1,19217006,59496
2021-2-2,19326910,109904
2021-2-3,19406606,79696
2021-2-4,19474886,68280
2021-2-5,19651882,176996
2021-2-6,19759916,108034
2021-2-7,19849863,89947
2021-2-8,19918981,69118
2021-2-9,20010122,91141
2021-2-10,20111479,101357
2021-2-11,20233767,122288
2021-2-12,20343123,109356
2021-2-13,20447964,104841
2021-2-14,20525810,77846
2021-2-15,20575446,49636
2021-2-16,20666077,90631
2021-2-17,20769797,103720
2021-2-18,20843123,73326
2021-2-19,20944479,101356
2021-2-20,21059797,115318
2021-2-21,21132651,72854
2021-2-22,21187430,54779
2021-2-23,21264199,76769
2021-2-24,21369597,105398
2021-2-25,21488105,118508
2021-2-26,21593623,105518
2021-2-27,21684345,90722
2021-2-28,21761798,77453
2021-3-1,21784686,22888
2021-3-2,21901603,116917
2021-3-3,21975593,73990
2021-3-4,22079838,104245
2021-3-5,22186763,106925
2021-3-6,22274583,87820
2021-3-7,22339182,64599
