Date,GADATA.TotalTestResults,GADATA.TotalTestResultsInc
2020-3-4,0,0
2020-3-5,0,0
2020-3-6,0,0
2020-3-7,0,0
2020-3-8,0,0
2020-3-9,6,6
2020-3-10,29,23
2020-3-11,44,15
2020-3-12,81,37
2020-3-13,336,255
2020-3-14,466,130
2020-3-15,707,241
2020-3-16,959,252
2020-3-17,1500,541
2020-3-18,1866,366
2020-3-19,2468,602
2020-3-20,3115,647
2020-3-21,3981,866
2020-3-22,4762,781
2020-3-23,5959,1197
2020-3-24,6806,847
2020-3-25,9307,2501
2020-3-26,9962,655
2020-3-27,11021,1059
2020-3-28,14080,3059
2020-3-29,14629,549
2020-3-30,16225,1596
2020-3-31,19910,3685
2020-4-1,20338,428
2020-4-2,22970,2632
2020-4-3,25286,2316
2020-4-4,26337,1051
2020-4-5,27941,1604
2020-4-6,31350,3409
2020-4-7,37997,6647
2020-4-8,40999,3002
2020-4-9,44828,3829
2020-4-10,46188,1360
2020-4-11,51769,5581
2020-4-12,56613,4844
2020-4-13,57089,476
2020-4-14,61808,4719
2020-4-15,65232,3424
2020-4-16,69766,4534
2020-4-17,71686,1920
2020-4-18,79350,7664
2020-4-19,83327,3977
2020-4-20,87423,4096
2020-4-21,92422,4999
2020-4-22,94071,1649
2020-4-23,100979,6908
2020-4-24,107085,6106
2020-4-25,121027,13942
2020-4-26,124429,3402
2020-4-27,136179,11750
2020-4-28,139914,3735
2020-4-29,145225,5311
2020-4-30,161181,15956
2020-5-1,166062,4881
2020-5-2,172523,6461
2020-5-3,172968,445
2020-5-4,185541,12573
2020-5-5,190322,4781
2020-5-6,199225,8903
2020-5-7,209510,10285
2020-5-8,214344,4834
2020-5-9,219147,4803
2020-5-10,224474,5327
2020-5-11,234892,10418
2020-5-12,245165,10273
2020-5-13,250862,5697
2020-5-14,261860,10998
2020-5-15,275764,13904
2020-5-16,300697,24933
2020-5-17,308931,8234
2020-5-18,318260,9329
2020-5-19,322427,4167
2020-5-20,338911,16484
2020-5-21,339388,477
2020-5-22,349383,9995
2020-5-23,362562,13179
2020-5-24,379225,16663
2020-5-25,400562,21337
2020-5-26,404234,3672
2020-5-27,411758,7524
2020-5-28,419208,7450
2020-5-29,428319,9111
2020-5-30,436903,8584
2020-5-31,467464,30561
2020-6-1,467729,265
2020-6-2,474222,6493
2020-6-3,482647,8425
2020-6-4,496271,13624
2020-6-5,507819,11548
2020-6-6,522889,15070
2020-6-7,534896,12007
2020-6-8,544412,9516
2020-6-9,551456,7044
2020-6-10,565221,13765
2020-6-11,578464,13243
2020-6-12,585957,7493
2020-6-13,599211,13254
2020-6-14,614997,15786
2020-6-15,624586,9589
2020-6-16,628804,4218
2020-6-17,644257,15453
2020-6-18,656956,12699
2020-6-19,663516,6560
2020-6-20,688134,24618
2020-6-21,697841,9707
2020-6-22,707549,9708
2020-6-23,730785,23236
2020-6-24,742758,11973
2020-6-25,757448,14690
2020-6-26,770552,13104
2020-6-27,789337,18785
2020-6-28,806462,17125
2020-6-29,822641,16179
2020-6-30,833733,11092
2020-7-1,855625,21892
2020-7-2,884018,28393
2020-7-3,902430,18412
2020-7-4,928215,25785
2020-7-5,951510,23295
2020-7-6,964590,13080
2020-7-7,985913,21323
2020-7-8,1007523,21610
2020-7-9,1027387,19864
2020-7-10,1054725,27338
2020-7-11,1072973,18248
2020-7-12,1091670,18697
2020-7-13,1116589,24919
2020-7-14,1140761,24172
2020-7-15,1165251,24490
2020-7-16,1190112,24861
2020-7-17,1211135,21023
2020-7-18,1244571,33436
2020-7-19,1272839,28268
2020-7-20,1289281,16442
2020-7-21,1311317,22036
2020-7-22,1333343,22026
2020-7-23,1353907,20564
2020-7-24,1400793,46886
2020-7-25,1431688,30895
2020-7-26,1455060,23372
2020-7-27,1479028,23968
2020-7-28,1513883,34855
2020-7-29,1540024,26141
2020-7-30,1569597,29573
2020-7-31,1604130,34533
2020-8-1,1626144,22014
2020-8-2,1654911,28767
2020-8-3,1676684,21773
2020-8-4,1695845,19161
2020-8-5,1726701,30856
2020-8-6,1751975,25274
2020-8-7,1775573,23598
2020-8-8,1815434,39861
2020-8-9,1847577,32143
2020-8-10,1869612,22035
2020-8-11,1898217,28605
2020-8-12,1914434,16217
2020-8-13,1943875,29441
2020-8-14,1971194,27319
2020-8-15,1988066,16872
2020-8-16,2005273,17207
2020-8-17,2029702,24429
2020-8-18,2060319,30617
2020-8-19,2075697,15378
2020-8-20,2096835,21138
2020-8-21,2120102,23267
2020-8-22,2149170,29068
2020-8-23,2171884,22714
2020-8-24,2205181,33297
2020-8-25,2230850,25669
2020-8-26,2248901,18051
2020-8-27,2268837,19936
2020-8-28,2286984,18147
2020-8-29,2312179,25195
2020-8-30,2327490,15311
2020-8-31,2343634,16144
2020-9-1,2368498,24864
2020-9-2,2381637,13139
2020-9-3,2410665,29028
2020-9-4,2432125,21460
2020-9-5,2460729,28604
2020-9-6,2479568,18839
2020-9-7,2488841,9273
2020-9-8,2511826,22985
2020-9-9,2527779,15953
2020-9-10,2542594,14815
2020-9-11,2558319,15725
2020-9-12,2584257,25938
2020-9-13,2602202,17945
2020-9-14,2615247,13045
2020-9-15,2629090,13843
2020-9-16,2654121,25031
2020-9-17,2679891,25770
2020-9-18,2701952,22061
2020-9-19,2735389,33437
2020-9-20,2750822,15433
2020-9-21,2770863,20041
2020-9-22,2783427,12564
2020-9-23,2803215,19788
2020-9-24,2824816,21601
2020-9-25,2847494,22678
2020-9-26,2872355,24861
2020-9-27,2886269,13914
2020-9-28,2898498,12229
2020-9-29,2910833,12335
2020-9-30,2933679,22846
2020-10-1,2954392,20713
2020-10-2,2970013,15621
2020-10-3,3001381,31368
2020-10-4,3018618,17237
2020-10-5,3032757,14139
2020-10-6,3044792,12035
2020-10-7,3058187,13395
2020-10-8,3083121,24934
2020-10-9,3112619,29498
2020-10-10,3132549,19930
2020-10-11,3151029,18480
2020-10-12,3168116,17087
2020-10-13,3180538,12422
2020-10-14,3204298,23760
2020-10-15,3229781,25483
2020-10-16,3254270,24489
2020-10-17,3280668,26398
2020-10-18,3298458,17790
2020-10-19,3314279,15821
2020-10-20,3327836,13557
2020-10-21,3338315,10479
2020-10-22,3367534,29219
2020-10-23,3407623,40089
2020-10-24,3426110,18487
2020-10-25,3445032,18922
2020-10-26,3461388,16356
2020-10-27,3474891,13503
2020-10-28,3495407,20516
2020-10-29,3516162,20755
2020-10-30,3535825,19663
2020-10-31,3562682,26857
2020-11-1,3584111,21429
2020-11-2,3596700,12589
2020-11-3,3618830,22130
2020-11-4,3647278,28448
2020-11-5,3672160,24882
2020-11-6,3691733,19573
2020-11-7,3715270,23537
2020-11-8,3733960,18690
2020-11-9,3749894,15934
2020-11-10,3772524,22630
2020-11-11,3786046,13522
2020-11-12,3807413,21367
2020-11-13,3838550,31137
2020-11-14,3865939,27389
2020-11-15,3887286,21347
2020-11-16,3900708,13422
2020-11-17,3954422,53714
2020-11-18,3975069,20647
2020-11-19,4010676,35607
2020-11-20,4043126,32450
2020-11-21,4086142,43016
2020-11-22,4112780,26638
2020-11-23,4139509,26729
2020-11-24,4173943,34434
2020-11-25,4195929,21986
2020-11-26,4226691,30762
2020-11-27,4258413,31722
2020-11-28,4289024,30611
2020-11-29,4302927,13903
2020-11-30,4314448,11521
2020-12-1,4338967,24519
2020-12-2,4362964,23997
2020-12-3,4396665,33701
2020-12-4,4435020,38355
2020-12-5,4466200,31180
2020-12-6,4476052,9852
2020-12-7,4521060,45008
2020-12-8,4555443,34383
2020-12-9,4578124,22681
2020-12-10,4621841,43717
2020-12-11,4657199,35358
2020-12-12,4696707,39508
2020-12-13,4729534,32827
2020-12-14,4755530,25996
2020-12-15,4794475,38945
2020-12-16,4817908,23433
2020-12-17,4856170,38262
2020-12-18,4904046,47876
2020-12-19,4941049,37003
2020-12-20,4974164,33115
2020-12-21,4999306,25142
2020-12-22,5049355,50049
2020-12-23,5086136,36781
2020-12-24,5135306,49170
2020-12-25,5188835,53529
2020-12-26,5218474,29639
2020-12-27,5233528,15054
2020-12-28,5248593,15065
2020-12-29,5281282,32689
2020-12-30,5304793,23511
2020-12-31,5349390,44597
2021-1-1,5401054,51664
2021-1-2,5436988,35934
2021-1-3,5462241,25253
2021-1-4,5482790,20549
2021-1-5,5509880,27090
2021-1-6,5523221,13341
2021-1-7,5569613,46392
2021-1-8,5583994,14381
2021-1-9,5632471,48477
2021-1-10,5672290,39819
2021-1-11,5708060,35770
2021-1-12,5737862,29802
2021-1-13,5763974,26112
2021-1-14,5801007,37033
2021-1-15,5844021,43014
2021-1-16,5887700,43679
2021-1-17,5925441,37741
2021-1-18,5957306,31865
2021-1-19,5988737,31431
2021-1-20,6033197,44460
2021-1-21,6072614,39417
2021-1-22,6122066,49452
2021-1-23,6174470,52404
2021-1-24,6208860,34390
2021-1-25,6234896,26036
2021-1-26,6271545,36649
2021-1-27,6296044,24499
2021-1-28,6338228,42184
2021-1-29,6378542,40314
2021-1-30,6425042,46500
2021-1-31,6452746,27704
2021-2-1,6474133,21387
2021-2-2,6494048,19915
2021-2-3,6524223,30175
2021-2-4,6561635,37412
2021-2-5,6597050,35415
2021-2-6,6628577,31527
2021-2-7,6664276,35699
2021-2-8,6687452,23176
2021-2-9,6711587,24135
2021-2-10,6734381,22794
2021-2-11,6765890,31509
2021-2-12,6792960,27070
2021-2-13,6828948,35988
2021-2-14,6853061,24113
2021-2-15,6870677,17616
2021-2-16,6895381,24704
2021-2-17,6914772,19391
2021-2-18,6963712,48940
2021-2-19,6988224,24512
2021-2-20,7019510,31286
2021-2-21,7042229,22719
2021-2-22,7057282,15053
2021-2-23,7076399,19117
2021-2-24,7096779,20380
2021-2-25,7125751,28972
2021-2-26,7153524,27773
2021-2-27,7181994,28470
2021-2-28,7201974,19980
2021-3-1,7215169,13195
2021-3-2,7234444,19275
2021-3-3,7251427,16983
2021-3-4,7279616,28189
2021-3-5,7315477,35861
2021-3-6,7340242,24765
2021-3-7,7359069,18827
