Date,IADATA.TotalTestResults,IADATA.TotalTestResultsInc
2020-3-6,15,0
2020-3-7,15,0
2020-3-8,15,0
2020-3-9,29,14
2020-3-10,40,11
2020-3-11,59,19
2020-3-12,81,22
2020-3-13,99,18
2020-3-14,100,1
2020-3-15,101,1
2020-3-16,105,4
2020-3-17,106,1
2020-3-18,112,6
2020-3-19,121,9
2020-3-20,687,566
2020-3-21,1117,430
2020-3-22,1305,188
2020-3-23,2148,843
2020-3-24,2439,291
2020-3-25,2723,284
2020-3-26,2757,34
2020-3-27,3975,1218
2020-3-28,4673,698
2020-3-29,5349,676
2020-3-30,6586,1237
2020-3-31,7385,799
2020-4-1,7853,468
2020-4-2,8668,815
2020-4-3,9453,785
2020-4-4,10240,787
2020-4-5,10841,601
2020-4-6,11599,758
2020-4-7,12718,1119
2020-4-8,13966,1248
2020-4-9,14973,1007
2020-4-10,15953,980
2020-4-11,17132,1179
2020-4-12,17592,460
2020-4-13,18696,1104
2020-4-14,18885,189
2020-4-15,19869,984
2020-4-16,20675,806
2020-4-17,21792,1117
2020-4-18,22947,1155
2020-4-19,24550,1603
2020-4-20,25820,1270
2020-4-21,27615,1795
2020-4-22,28244,629
2020-4-23,29262,1018
2020-4-24,31973,2711
2020-4-25,34350,2377
2020-4-26,36090,1740
2020-4-27,38150,2060
2020-4-28,39823,1673
2020-4-29,41337,1514
2020-4-30,42667,1330
2020-5-1,45592,2925
2020-5-2,46349,757
2020-5-3,53186,6837
2020-5-4,57161,3975
2020-5-5,60569,3408
2020-5-6,63171,2602
2020-5-7,66427,3256
2020-5-8,70261,3834
2020-5-9,71476,1215
2020-5-10,74174,2698
2020-5-11,77792,3618
2020-5-12,81288,3496
2020-5-13,85719,4431
2020-5-14,89294,3575
2020-5-15,93566,4272
2020-5-16,96300,2734
2020-5-17,100241,3941
2020-5-18,103148,2907
2020-5-19,107648,4500
2020-5-20,110748,3100
2020-5-21,116565,5817
2020-5-22,120250,3685
2020-5-23,123941,3691
2020-5-24,127756,3815
2020-5-25,132715,4959
2020-5-26,135004,2289
2020-5-27,139526,4522
2020-5-28,142933,3407
2020-5-29,147320,4387
2020-5-30,150423,3103
2020-5-31,156296,5873
2020-6-1,159081,2785
2020-6-2,163690,4609
2020-6-3,164445,755
2020-6-4,174935,10490
2020-6-5,180663,5728
2020-6-6,184714,4051
2020-6-7,188192,3478
2020-6-8,193622,5430
2020-6-9,197723,4101
2020-6-10,202829,5106
2020-6-11,208539,5710
2020-6-12,214544,6005
2020-6-13,219608,5064
2020-6-14,224634,5026
2020-6-15,227388,2754
2020-6-16,230638,3250
2020-6-17,235131,4493
2020-6-18,240931,5800
2020-6-19,246649,5718
2020-6-20,250207,3558
2020-6-21,257152,6945
2020-6-22,258632,1480
2020-6-23,264703,6071
2020-6-24,269959,5256
2020-6-25,277054,7095
2020-6-26,283643,6589
2020-6-27,289752,6109
2020-6-28,295915,6163
2020-6-29,300845,4930
2020-6-30,304188,3343
2020-7-1,309790,5602
2020-7-2,317538,7748
2020-7-3,321461,3923
2020-7-4,329011,7550
2020-7-5,332472,3461
2020-7-6,335462,2990
2020-7-7,339298,3836
2020-7-8,346351,7053
2020-7-9,354659,8308
2020-7-10,362248,7589
2020-7-11,368361,6113
2020-7-12,374413,6052
2020-7-13,376716,2303
2020-7-14,380408,3692
2020-7-15,387312,6904
2020-7-16,396451,9139
2020-7-17,402453,6002
2020-7-18,403729,1276
2020-7-19,415491,11762
2020-7-20,418544,3053
2020-7-21,422433,3889
2020-7-22,426436,4003
2020-7-23,436286,9850
2020-7-24,441873,5587
2020-7-25,446263,4390
2020-7-26,450599,4336
2020-7-27,454845,4246
2020-7-28,457435,2590
2020-7-29,462712,5277
2020-7-30,469098,6386
2020-7-31,474412,5314
2020-8-1,478970,4558
2020-8-2,484118,5148
2020-8-3,486475,2357
2020-8-4,490371,3896
2020-8-5,496428,6057
2020-8-6,503120,6692
2020-8-7,508700,5580
2020-8-8,513547,4847
2020-8-9,518810,5263
2020-8-10,521387,2577
2020-8-11,523920,2533
2020-8-12,528148,4228
2020-8-13,534813,6665
2020-8-14,540237,5424
2020-8-15,546074,5837
2020-8-16,551193,5119
2020-8-17,553984,2791
2020-8-18,557098,3114
2020-8-19,562322,5224
2020-8-20,568191,5869
2020-8-21,573139,4948
2020-8-22,578355,5216
2020-8-23,581976,3621
2020-8-24,584098,2122
2020-8-25,587743,3645
2020-8-26,593808,6065
2020-8-27,601643,7835
2020-8-28,607159,5516
2020-8-29,612579,5420
2020-8-30,617095,4516
2020-8-31,620872,3777
2020-9-1,623547,2675
2020-9-2,629654,6107
2020-9-3,634758,5104
2020-9-4,642335,7577
2020-9-5,648511,6176
2020-9-6,652937,4426
2020-9-7,655846,2909
2020-9-8,658977,3131
2020-9-9,661575,2598
2020-9-10,667869,6294
2020-9-11,673597,5728
2020-9-12,678890,5293
2020-9-13,683445,4555
2020-9-14,686636,3191
2020-9-15,689612,2976
2020-9-16,695111,5499
2020-9-17,701438,6327
2020-9-18,708031,6593
2020-9-19,713775,5744
2020-9-20,718279,4504
2020-9-21,721595,3316
2020-9-22,725082,3487
2020-9-23,731853,6771
2020-9-24,738580,6727
2020-9-25,744981,6401
2020-9-26,750898,5917
2020-9-27,754623,3725
2020-9-28,755316,693
2020-9-29,758388,3072
2020-9-30,764867,6479
2020-10-1,770943,6076
2020-10-2,775992,5049
2020-10-3,781309,5317
2020-10-4,785567,4258
2020-10-5,788014,2447
2020-10-6,790843,2829
2020-10-7,796057,5214
2020-10-8,803037,6980
2020-10-9,808801,5764
2020-10-10,814078,5277
2020-10-11,819460,5382
2020-10-12,822140,2680
2020-10-13,824869,2729
2020-10-14,829253,4384
2020-10-15,835606,6353
2020-10-16,822775,0
2020-10-17,827884,5109
2020-10-18,832536,4652
2020-10-19,835573,3037
2020-10-20,837718,2145
2020-10-21,842542,4824
2020-10-22,848270,5728
2020-10-23,852949,4679
2020-10-24,859419,6470
2020-10-25,863361,3942
2020-10-26,866323,2962
2020-10-27,869020,2697
2020-10-28,873362,4342
2020-10-29,878864,5502
2020-10-30,884252,5388
2020-10-31,890432,6180
2020-11-1,897175,6743
2020-11-2,900994,3819
2020-11-3,903136,2142
2020-11-4,908054,4918
2020-11-5,916404,8350
2020-11-6,922017,5613
2020-11-7,928259,6242
2020-11-8,935839,7580
2020-11-9,945621,9782
2020-11-10,950191,4570
2020-11-11,958353,8162
2020-11-12,964756,6403
2020-11-13,971644,6888
2020-11-14,979886,8242
2020-11-15,988601,8715
2020-11-16,992851,4250
2020-11-17,997034,4183
2020-11-18,1003986,6952
2020-11-19,1011476,7490
2020-11-20,1019474,7998
2020-11-21,1027073,7599
2020-11-22,1033800,6727
2020-11-23,1040373,6573
2020-11-24,1044789,4416
2020-11-25,1050640,5851
2020-11-26,1057718,7078
2020-11-27,1060478,2760
2020-11-28,1063681,3203
2020-11-29,1067985,4304
2020-11-30,1070816,2831
2020-12-1,1072992,2176
2020-12-2,1078029,5037
2020-12-3,1083485,5456
2020-12-4,1089561,6076
2020-12-5,1094502,4941
2020-12-6,1098589,4087
2020-12-7,1100653,2064
2020-12-8,1102737,2084
2020-12-9,1107487,4750
2020-12-10,1111940,4453
2020-12-11,1115807,3867
2020-12-12,1119355,3548
2020-12-13,1122583,3228
2020-12-14,1124774,2191
2020-12-15,1127084,2310
2020-12-16,1131182,4098
2020-12-17,1135722,4540
2020-12-18,1139593,3871
2020-12-19,1143798,4205
2020-12-20,1147392,3594
2020-12-21,1149061,1669
2020-12-22,1150768,1707
2020-12-23,1154784,4016
2020-12-24,1157711,2927
2020-12-25,1160420,2709
2020-12-26,1161680,1260
2020-12-27,1163367,1687
2020-12-28,1164835,1468
2020-12-29,1166051,1216
2020-12-30,1168170,2119
2020-12-31,1171219,3049
2021-1-1,1174406,3187
2021-1-2,1175920,1514
2021-1-3,1178096,2176
2021-1-4,1179621,1525
2021-1-5,1181244,1623
2021-1-6,1185478,4234
2021-1-7,1188908,3430
2021-1-8,1192481,3573
2021-1-9,1195536,3055
2021-1-10,1198291,2755
2021-1-11,1199759,1468
2021-1-12,1201471,1712
2021-1-13,1205222,3751
2021-1-14,1208878,3656
2021-1-15,1212121,3243
2021-1-16,1214729,2608
2021-1-17,1216693,1964
2021-1-18,1218425,1732
2021-1-19,1220451,2026
2021-1-20,1222463,2012
2021-1-21,1226351,3888
2021-1-22,1229114,2763
2021-1-23,1232463,3349
2021-1-24,1235059,2596
2021-1-25,1236524,1465
2021-1-26,1238482,1958
2021-1-27,1241079,2597
2021-1-28,1244219,3140
2021-1-29,1246868,2649
2021-1-30,1251252,4384
2021-1-31,1253688,2436
2021-2-1,1255188,1500
2021-2-2,1256662,1474
2021-2-3,1260185,3523
2021-2-4,1262433,2248
2021-2-5,1264939,2506
2021-2-6,1266063,1124
2021-2-7,1268161,2098
2021-2-8,1269419,1258
2021-2-9,1271013,1594
2021-2-10,1273327,2314
2021-2-11,1275682,2355
2021-2-12,1277491,1809
2021-2-13,1279333,1842
2021-2-14,1280992,1659
2021-2-15,1282323,1331
2021-2-16,1290933,8610
2021-2-17,1293332,2399
2021-2-18,1295556,2224
2021-2-19,1297314,1758
2021-2-20,1298607,1293
2021-2-21,1300171,1564
2021-2-22,1301870,1699
2021-2-23,1303212,1342
2021-2-24,1305902,2690
2021-2-25,1308496,2594
2021-2-26,1310419,1923
2021-2-27,1312007,1588
2021-2-28,1313829,1822
2021-3-1,1315398,1569
2021-3-2,1316616,1218
2021-3-3,1318994,2378
2021-3-4,1321446,2452
2021-3-5,1323369,1923
2021-3-6,1325246,1877
2021-3-7,1326802,1556
