Date,ILDATA.TotalTestResults,ILDATA.TotalTestResultsInc
2020-3-4,0,0
2020-3-5,0,0
2020-3-6,0,0
2020-3-7,0,0
2020-3-8,0,0
2020-3-9,0,0
2020-3-10,326,326
2020-3-11,367,41
2020-3-12,418,51
2020-3-13,444,26
2020-3-14,708,264
2020-3-15,932,224
2020-3-16,1143,211
2020-3-17,1500,357
2020-3-18,2052,552
2020-3-19,3151,1099
2020-3-20,4286,1135
2020-3-21,6247,1961
2020-3-22,8374,2127
2020-3-23,9868,1494
2020-3-24,11485,1617
2020-3-25,14209,2724
2020-3-26,16631,2422
2020-3-27,21542,4911
2020-3-28,25429,3887
2020-3-29,27762,2333
2020-3-30,30446,2684
2020-3-31,35225,4779
2020-4-1,40384,5159
2020-4-2,43656,3272
2020-4-3,48048,4392
2020-4-4,53581,5533
2020-4-5,58983,5402
2020-4-6,62942,3959
2020-4-7,68732,5790
2020-4-8,75066,6334
2020-4-9,80857,5791
2020-4-10,87527,6670
2020-4-11,92779,5252
2020-4-12,100735,7956
2020-4-13,105768,5033
2020-4-14,110616,4848
2020-4-15,116929,6313
2020-4-16,122589,5660
2020-4-17,130163,7574
2020-4-18,137404,7241
2020-4-19,143318,5914
2020-4-20,148358,5040
2020-4-21,154997,6639
2020-4-22,164346,9349
2020-4-23,173508,9162
2020-4-24,189632,16124
2020-4-25,201617,11985
2020-4-26,214952,13335
2020-4-27,227628,12676
2020-4-28,242189,14561
2020-4-29,256667,14478
2020-4-30,269867,13200
2020-5-1,284688,14821
2020-5-2,299896,15208
2020-5-3,319313,19417
2020-5-4,333147,13834
2020-5-5,346286,13139
2020-5-6,361260,14974
2020-5-7,379043,17783
2020-5-8,399714,20671
2020-5-9,416331,16617
2020-5-10,429984,13653
2020-5-11,442425,12441
2020-5-12,471691,29266
2020-5-13,489359,17668
2020-5-14,512037,22678
2020-5-15,538602,26565
2020-5-16,561649,23047
2020-5-17,581944,20295
2020-5-18,603241,21297
2020-5-19,621684,18443
2020-5-20,642713,21029
2020-5-21,672020,29307
2020-5-22,697133,25113
2020-5-23,722247,25114
2020-5-24,747921,25674
2020-5-25,769564,21643
2020-5-26,786794,17230
2020-5-27,803973,17179
2020-5-28,829966,25993
2020-5-29,851762,21796
2020-5-30,877105,25343
2020-5-31,898259,21154
2020-6-1,918273,20014
2020-6-2,934704,16431
2020-6-3,959175,24471
2020-6-4,982016,22841
2020-6-5,1000919,18903
2020-6-6,1022074,21155
2020-6-7,1042774,20700
2020-6-8,1058873,16099
2020-6-9,1079182,20309
2020-6-10,1100002,20820
2020-6-11,1122327,22325
2020-6-12,1147101,24774
2020-6-13,1168945,21844
2020-6-14,1190985,22040
2020-6-15,1209612,18627
2020-6-16,1228341,18729
2020-6-17,1258328,29987
2020-6-18,1283832,25504
2020-6-19,1311003,27171
2020-6-20,1336968,25965
2020-6-21,1360784,23816
2020-6-22,1379003,18219
2020-6-23,1399510,20507
2020-6-24,1428841,29331
2020-6-25,1460527,31686
2020-6-26,1490952,30425
2020-6-27,1521189,30237
2020-6-28,1544978,23789
2020-6-29,1571896,26918
2020-6-30,1602965,31069
2020-7-1,1636055,33090
2020-7-2,1666317,30262
2020-7-3,1700635,34318
2020-7-4,1734471,33836
2020-7-5,1761706,27235
2020-7-6,1782840,21134
2020-7-7,1809834,26994
2020-7-8,1842576,32742
2020-7-9,1878756,36180
2020-7-10,1911743,32987
2020-7-11,1944088,32345
2020-7-12,1982982,38894
2020-7-13,2012994,30012
2020-7-14,2041440,28446
2020-7-15,2079601,38161
2020-7-16,2122607,43006
2020-7-17,2166299,43692
2020-7-18,2212398,46099
2020-7-19,2244511,32113
2020-7-20,2279109,34598
2020-7-21,2308854,29745
2020-7-22,2348487,39633
2020-7-23,2388193,39706
2020-7-24,2432523,44330
2020-7-25,2470723,38200
2020-7-26,2511567,40844
2020-7-27,2542134,30567
2020-7-28,2570465,28331
2020-7-29,2608652,38187
2020-7-30,2649786,41134
2020-7-31,2699568,49782
2020-8-1,2739377,39809
2020-8-2,2778322,38945
2020-8-3,2806797,28475
2020-8-4,2849395,42598
2020-8-5,2896063,46668
2020-8-6,2937749,41686
2020-8-7,2984618,46869
2020-8-8,3032634,48016
2020-8-9,3073988,41354
2020-8-10,3106341,32353
2020-8-11,3147703,41362
2020-8-12,3189801,42098
2020-8-13,3235807,46006
2020-8-14,3285348,49541
2020-8-15,3329762,44414
2020-8-16,3366851,37089
2020-8-17,3405097,38246
2020-8-18,3439272,34175
2020-8-19,3489571,50299
2020-8-20,3541183,51612
2020-8-21,3592919,51736
2020-8-22,3649685,56766
2020-8-23,3704036,54351
2020-8-24,3740191,36155
2020-8-25,3781050,40859
2020-8-26,3831412,50362
2020-8-27,3875922,44510
2020-8-28,3924305,48383
2020-8-29,3973089,48784
2020-8-30,4016782,43693
2020-8-31,4064161,47379
2020-9-1,4087122,22961
2020-9-2,4119873,32751
2020-9-3,4160668,40795
2020-9-4,4309941,149273
2020-9-5,4371876,61935
2020-9-6,4418372,46496
2020-9-7,4447347,28975
2020-9-8,4478710,31363
2020-9-9,4526739,48029
2020-9-10,4575721,48982
2020-9-11,4632382,56661
2020-9-12,4688976,56594
2020-9-13,4735866,46890
2020-9-14,4771796,35930
2020-9-15,4810827,39031
2020-9-16,4863138,52311
2020-9-17,4920938,57800
2020-9-18,4982856,61918
2020-9-19,5057142,74286
2020-9-20,5105153,48011
2020-9-21,5143387,38234
2020-9-22,5185216,41829
2020-9-23,5231607,46391
2020-9-24,5293678,62071
2020-9-25,5363471,69793
2020-9-26,5428688,65217
2020-9-27,5479510,50822
2020-9-28,5520652,41142
2020-9-29,5566276,45624
2020-9-30,5624822,58546
2020-10-1,5690437,65615
2020-10-2,5763128,72691
2020-10-3,5834762,71634
2020-10-4,5886418,51656
2020-10-5,5924956,38538
2020-10-6,5974469,49513
2020-10-7,6033289,58820
2020-10-8,6105780,72491
2020-10-9,6177379,71599
2020-10-10,6243635,66256
2020-10-11,6307682,64047
2020-10-12,6355261,47579
2020-10-13,6411254,55993
2020-10-14,6463923,52669
2020-10-15,6531009,67086
2020-10-16,6618768,87759
2020-10-17,6696257,77489
2020-10-18,6775553,79296
2020-10-19,6824237,48684
2020-10-20,6883314,59077
2020-10-21,6950105,66791
2020-10-22,7031082,80977
2020-10-23,7113338,82256
2020-10-24,7196855,83517
2020-10-25,7268952,72097
2020-10-26,7326216,57264
2020-10-27,7388290,62074
2020-10-28,7459042,70752
2020-10-29,7542098,83056
2020-10-30,7637209,95111
2020-10-31,7729845,92636
2020-11-1,7808303,78458
2020-11-2,7876421,68118
2020-11-3,7958856,82435
2020-11-4,8030713,71857
2020-11-5,8116728,86015
2020-11-6,8215129,98401
2020-11-7,8313547,98418
2020-11-8,8404304,90757
2020-11-9,8469064,64760
2020-11-10,8571019,101955
2020-11-11,8664483,93464
2020-11-12,8765100,100617
2020-11-13,8871640,106540
2020-11-14,8986010,114370
2020-11-15,9070841,84831
2020-11-16,9161453,90612
2020-11-17,9255658,94205
2020-11-18,9359227,103569
2020-11-19,9472674,113447
2020-11-20,9588698,116024
2020-11-21,9708982,120284
2020-11-22,9801419,92437
2020-11-23,9892981,91562
2020-11-24,9990304,97323
2020-11-25,10104537,114233
2020-11-26,10212093,107556
2020-11-27,10289223,77130
2020-11-28,10368278,79055
2020-11-29,10431018,62740
2020-11-30,10497998,66980
2020-12-1,10614079,116081
2020-12-2,10699586,85507
2020-12-3,10806364,106778
2020-12-4,10918998,112634
2020-12-5,11021676,102678
2020-12-6,11101214,79538
2020-12-7,11178783,77569
2020-12-8,11274608,95825
2020-12-9,11367345,92737
2020-12-10,11481848,114503
2020-12-11,11586296,104448
2020-12-12,11713184,126888
2020-12-13,11776832,63648
2020-12-14,11869088,92256
2020-12-15,11962010,92922
2020-12-16,12055288,93278
2020-12-17,12147303,92015
2020-12-18,12259595,112292
2020-12-19,12356446,96851
2020-12-20,12434525,78079
2020-12-21,12520979,86454
2020-12-22,12605743,84764
2020-12-23,12688071,82328
2020-12-24,12782980,94909
2020-12-25,12881938,98958
2020-12-26,12939386,57448
2020-12-27,12985612,46226
2020-12-28,13036658,51046
2020-12-29,13103444,66786
2020-12-30,13178017,74573
2020-12-31,13277443,99426
2021-1-1,13374665,97222
2021-1-2,13436652,61987
2021-1-3,13482117,45465
2021-1-4,13530371,48254
2021-1-5,13617454,87083
2021-1-6,13698428,80974
2021-1-7,13803946,105518
2021-1-8,13922611,118665
2021-1-9,14025514,102903
2021-1-10,14103289,77775
2021-1-11,14169986,66697
2021-1-12,14263477,93491
2021-1-13,14339584,76107
2021-1-14,14457620,118036
2021-1-15,14564776,107156
2021-1-16,14667148,102372
2021-1-17,14763993,96845
2021-1-18,14826995,63002
2021-1-19,14898528,71533
2021-1-20,14984649,86121
2021-1-21,15083685,99036
2021-1-22,15209516,125831
2021-1-23,15319694,110178
2021-1-24,15409832,90138
2021-1-25,15484034,74202
2021-1-26,15553319,69285
2021-1-27,15633443,80124
2021-1-28,15733562,100119
2021-1-29,15844619,111057
2021-1-30,15952421,107802
2021-1-31,16039292,86871
2021-2-1,16100555,61263
2021-2-2,16161454,60899
2021-2-3,16258348,96894
2021-2-4,16359655,101307
2021-2-5,16464740,105085
2021-2-6,16555035,90295
2021-2-7,16636585,81550
2021-2-8,16683795,47210
2021-2-9,16739500,55705
2021-2-10,16822385,82885
2021-2-11,16918910,96525
2021-2-12,17021919,103009
2021-2-13,17106909,84990
2021-2-14,17171858,64949
2021-2-15,17224247,52389
2021-2-16,17270877,46630
2021-2-17,17320814,49937
2021-2-18,17388356,67542
2021-2-19,17474319,85963
2021-2-20,17547531,73212
2021-2-21,17622800,75269
2021-2-22,17660161,37361
2021-2-23,17721561,61400
2021-2-24,17804537,82976
2021-2-25,17895829,91292
2021-2-26,17988085,92256
2021-2-27,18069753,81668
2021-2-28,18136253,66500
2021-3-1,18178487,42234
2021-3-2,18234668,56181
2021-3-3,18315522,80854
2021-3-4,18389512,73990
2021-3-5,18492848,103336
2021-3-6,18572096,79248
2021-3-7,18640190,68094
