Date,LADATA.TotalTestResults,LADATA.TotalTestResultsInc
2020-3-7,0,0
2020-3-8,5,5
2020-3-9,6,1
2020-3-10,12,6
2020-3-11,43,31
2020-3-12,51,8
2020-3-13,73,22
2020-3-14,160,87
2020-3-15,246,86
2020-3-16,303,57
2020-3-17,423,120
2020-3-18,575,152
2020-3-19,805,230
2020-3-20,1041,236
2020-3-21,2760,1719
2020-3-22,3498,738
2020-3-23,5948,2450
2020-3-24,8603,2655
2020-3-25,11451,2848
2020-3-26,18029,6578
2020-3-27,21359,3330
2020-3-28,25161,3802
2020-3-29,27871,2710
2020-3-30,34033,6162
2020-3-31,38967,4934
2020-4-1,45776,6809
2020-4-2,51086,5310
2020-4-3,53645,2559
2020-4-4,58498,4853
2020-4-5,60325,1827
2020-4-6,69166,8841
2020-4-7,74655,5489
2020-4-8,81406,6751
2020-4-9,86919,5513
2020-4-10,92280,5361
2020-4-11,96915,4635
2020-4-12,104045,7130
2020-4-13,108091,4046
2020-4-14,118422,10331
2020-4-15,121928,3506
2020-4-16,126586,4658
2020-4-17,131987,5401
2020-4-18,137999,6012
2020-4-19,135348,0
2020-4-20,136111,763
2020-4-21,136442,331
2020-4-22,136846,404
2020-4-23,137513,667
2020-4-24,138112,599
2020-4-25,139002,890
2020-4-26,143036,4034
2020-4-27,146989,3953
2020-4-28,151108,4119
2020-4-29,156568,5460
2020-4-30,161309,4741
2020-5-1,168251,6942
2020-5-2,172858,4607
2020-5-3,176160,3302
2020-5-4,180931,4771
2020-5-5,188231,7300
2020-5-6,194672,6441
2020-5-7,200767,6095
2020-5-8,202416,1649
2020-5-9,212157,9741
2020-5-10,215872,3715
2020-5-11,220830,4958
2020-5-12,228012,7182
2020-5-13,237904,9892
2020-5-14,247588,9684
2020-5-15,253189,5601
2020-5-16,259742,6553
2020-5-17,265170,5428
2020-5-18,269748,4578
2020-5-19,278073,8325
2020-5-20,285970,7897
2020-5-21,305381,19411
2020-5-22,311808,6427
2020-5-23,314447,2639
2020-5-24,316036,1589
2020-5-25,330898,14862
2020-5-26,341026,10128
2020-5-27,347647,6621
2020-5-28,355027,7380
2020-5-29,355027,0
2020-5-30,368819,13792
2020-5-31,375109,6290
2020-6-1,387370,12261
2020-6-2,393133,5763
2020-6-3,402087,8954
2020-6-4,411186,9099
2020-6-5,420786,9600
2020-6-6,428069,7283
2020-6-7,434065,5996
2020-6-8,442602,8537
2020-6-9,453668,11066
2020-6-10,460120,6452
2020-6-11,469673,9553
2020-6-12,479534,9861
2020-6-13,504383,24849
2020-6-14,509332,4949
2020-6-15,518725,9393
2020-6-16,532717,13992
2020-6-17,545221,12504
2020-6-18,545221,0
2020-6-19,590909,45688
2020-6-20,604816,13907
2020-6-21,610812,5996
2020-6-22,618064,7252
2020-6-23,635939,17875
2020-6-24,648505,12566
2020-6-25,660665,12160
2020-6-26,678006,17341
2020-6-27,678006,0
2020-6-28,696111,18105
2020-6-29,704637,8526
2020-6-30,728511,23874
2020-7-1,752088,23577
2020-7-2,767374,15286
2020-7-3,784142,16768
2020-7-4,784142,0
2020-7-5,802454,18312
2020-7-6,813645,11191
2020-7-7,847598,33953
2020-7-8,865737,18139
2020-7-9,880140,14403
2020-7-10,905248,25108
2020-7-11,924447,19199
2020-7-12,934995,10548
2020-7-13,953426,18431
2020-7-14,976455,23029
2020-7-15,1001200,24745
2020-7-16,1024137,22937
2020-7-17,1043940,19803
2020-7-18,1043940,0
2020-7-19,1069304,25364
2020-7-20,1102924,33620
2020-7-21,1122962,20038
2020-7-22,1152901,29939
2020-7-23,1174868,21967
2020-7-24,1199726,24858
2020-7-25,1199726,0
2020-7-26,1233264,33538
2020-7-27,1260022,26758
2020-7-28,1276304,16282
2020-7-29,1295131,18827
2020-7-30,1317390,22259
2020-7-31,1342243,24853
2020-8-1,1342243,0
2020-8-2,1379440,37197
2020-8-3,1393910,14470
2020-8-4,1449857,55947
2020-8-5,1469867,20010
2020-8-6,1484972,15105
2020-8-7,1505002,20030
2020-8-8,1505002,0
2020-8-9,1540571,35569
2020-8-10,1547933,7362
2020-8-11,1568564,20631
2020-8-12,1598609,30045
2020-8-13,1615980,17371
2020-8-14,1637012,21032
2020-8-15,1637012,0
2020-8-16,1658087,21075
2020-8-17,1674289,16202
2020-8-18,1689991,15702
2020-8-19,1704974,14983
2020-8-20,1719034,14060
2020-8-21,1738807,19773
2020-8-22,1738807,0
2020-8-23,1763838,25031
2020-8-24,1772481,8643
2020-8-25,1794062,21581
2020-8-26,1808868,14806
2020-8-27,1818904,10036
2020-8-28,1829179,10275
2020-8-29,1829179,0
2020-8-30,1869451,40272
2020-8-31,1873490,4039
2020-9-1,1890526,17036
2020-9-2,1904779,14253
2020-9-3,1917099,12320
2020-9-4,1932644,15545
2020-9-5,1932644,0
2020-9-6,1959244,26600
2020-9-7,1964229,4985
2020-9-8,1968354,4125
2020-9-9,1999962,31608
2020-9-10,2010519,10557
2020-9-11,2037753,27234
2020-9-12,2037753,0
2020-9-13,2066730,28977
2020-9-14,2079299,12569
2020-9-15,2091958,12659
2020-9-16,2115184,23226
2020-9-17,2124190,9006
2020-9-18,2146986,22796
2020-9-19,2146986,0
2020-9-20,2178999,32013
2020-9-21,2185792,6793
2020-9-22,2206974,21182
2020-9-23,2220009,13035
2020-9-24,2237534,17525
2020-9-25,2256065,18531
2020-9-26,2256065,0
2020-9-27,2283149,27084
2020-9-28,2289618,6469
2020-9-29,2307757,18139
2020-9-30,2318604,10847
2020-10-1,2334745,16141
2020-10-2,2357449,22704
2020-10-3,2357449,0
2020-10-4,2383670,26221
2020-10-5,2391020,7350
2020-10-6,2403780,12760
2020-10-7,2427915,24135
2020-10-8,2440215,12300
2020-10-9,2450087,9872
2020-10-10,2450087,0
2020-10-11,2488868,38781
2020-10-12,2492265,3397
2020-10-13,2512847,20582
2020-10-14,2519723,6876
2020-10-15,2546007,26284
2020-10-16,2565652,19645
2020-10-17,2565652,0
2020-10-18,2592598,26946
2020-10-19,2597464,4866
2020-10-20,2616457,18993
2020-10-21,2631404,14947
2020-10-22,2651160,19756
2020-10-23,2671238,20078
2020-10-24,2671238,0
2020-10-25,2697507,26269
2020-10-26,2702566,5059
2020-10-27,2723277,20711
2020-10-28,2738401,15124
2020-10-29,2751797,13396
2020-10-30,2763671,11874
2020-10-31,2763671,0
2020-11-1,2783118,19447
2020-11-2,2788484,5366
2020-11-3,2817860,29376
2020-11-4,2825919,8059
2020-11-5,2847666,21747
2020-11-6,2866476,18810
2020-11-7,2866476,0
2020-11-8,2892957,26481
2020-11-9,2898463,5506
2020-11-10,2924923,26460
2020-11-11,2924923,0
2020-11-12,2958488,33565
2020-11-13,2992468,33980
2020-11-14,2992468,0
2020-11-15,3029596,37128
2020-11-16,3037236,7640
2020-11-17,3068330,31094
2020-11-18,3085849,17519
2020-11-19,3111627,25778
2020-11-20,3209377,97750
2020-11-21,3209377,0
2020-11-22,3251946,42569
2020-11-23,3262192,10246
2020-11-24,3296384,34192
2020-11-25,3310705,14321
2020-11-26,3310705,0
2020-11-27,3378743,68038
2020-11-28,3378743,0
2020-11-29,3402706,23963
2020-11-30,3403719,1013
2020-12-1,3454451,50732
2020-12-2,3518499,64048
2020-12-3,3541901,23402
2020-12-4,3566534,24633
2020-12-5,3566534,0
2020-12-6,3608083,41549
2020-12-7,3618824,10741
2020-12-8,3647386,28562
2020-12-9,3679908,32522
2020-12-10,3704865,24957
2020-12-11,3739272,34407
2020-12-12,3739272,0
2020-12-13,3794201,54929
2020-12-14,3804370,10169
2020-12-15,3838249,33879
2020-12-16,3863633,25384
2020-12-17,3896824,33191
2020-12-18,3925514,28690
2020-12-19,3925514,0
2020-12-20,3969384,43870
2020-12-21,3981309,11925
2020-12-22,4022758,41449
2020-12-23,4050466,27708
2020-12-24,4075822,25356
2020-12-25,4075822,0
2020-12-26,4075822,0
2020-12-27,4102652,26830
2020-12-28,4108164,5512
2020-12-29,4142108,33944
2020-12-30,4184768,42660
2020-12-31,4214182,29414
2021-1-1,4214182,0
2021-1-2,4214182,0
2021-1-3,4256466,42284
2021-1-4,4265759,9293
2021-1-5,4307755,41996
2021-1-6,4334992,27237
2021-1-7,4369449,34457
2021-1-8,4399258,29809
2021-1-9,4399258,0
2021-1-10,4445919,46661
2021-1-11,4458747,12828
2021-1-12,4508788,50041
2021-1-13,4527858,19070
2021-1-14,4563949,36091
2021-1-15,4593428,29479
2021-1-16,4593428,0
2021-1-17,4638346,44918
2021-1-18,4648497,10151
2021-1-19,4673947,25450
2021-1-20,4705481,31534
2021-1-21,4748890,43409
2021-1-22,4775952,27062
2021-1-23,4775952,0
2021-1-24,4815570,39618
2021-1-25,4842656,27086
2021-1-26,4873912,31256
2021-1-27,4908042,34130
2021-1-28,4938784,30742
2021-1-29,4964052,25268
2021-1-30,4964052,0
2021-1-31,5007448,43396
2021-2-1,5018961,11513
2021-2-2,5062438,43477
2021-2-3,5089529,27091
2021-2-4,5121022,31493
2021-2-5,5139629,18607
2021-2-6,5139629,0
2021-2-7,5174839,35210
2021-2-8,5196757,21918
2021-2-9,5224528,27771
2021-2-10,5235390,10862
2021-2-11,5277162,41772
2021-2-12,5306282,29120
2021-2-13,5306282,0
2021-2-14,5338034,31752
2021-2-15,5345798,7764
2021-2-16,5345798,0
2021-2-17,5367092,21294
2021-2-18,5378269,11177
2021-2-19,5390130,11861
2021-2-20,5390130,0
2021-2-21,5416687,26557
2021-2-22,5423943,7256
2021-2-23,5446167,22224
2021-2-24,5467897,21730
2021-2-25,5521097,53200
2021-2-26,5544678,23581
2021-2-27,5544678,0
2021-2-28,5577167,32489
2021-3-1,5585504,8337
2021-3-2,5608696,23192
2021-3-3,5630195,21499
2021-3-4,5654985,24790
2021-3-5,5674146,19161
2021-3-6,5674146,0
2021-3-7,5695464,21318
