Date,MADATA.TotalTestResults,MADATA.TotalTestResultsInc
2020-1-22,1,0
2020-1-23,2,1
2020-1-24,2,0
2020-1-25,2,0
2020-1-26,2,0
2020-1-27,3,1
2020-1-28,3,0
2020-1-29,4,1
2020-1-30,4,0
2020-1-31,4,0
2020-2-1,4,0
2020-2-2,4,0
2020-2-3,7,3
2020-2-4,9,2
2020-2-5,9,0
2020-2-6,10,1
2020-2-7,10,0
2020-2-8,11,1
2020-2-9,11,0
2020-2-10,12,1
2020-2-11,12,0
2020-2-12,13,1
2020-2-13,13,0
2020-2-14,13,0
2020-2-15,13,0
2020-2-16,13,0
2020-2-17,13,0
2020-2-18,13,0
2020-2-19,13,0
2020-2-20,14,1
2020-2-21,14,0
2020-2-22,14,0
2020-2-23,14,0
2020-2-24,16,2
2020-2-25,16,0
2020-2-26,16,0
2020-2-27,16,0
2020-2-28,18,2
2020-2-29,19,1
2020-3-1,23,4
2020-3-2,29,6
2020-3-3,44,15
2020-3-4,66,22
2020-3-5,102,36
2020-3-6,151,49
2020-3-7,251,100
2020-3-8,312,61
2020-3-9,393,81
2020-3-10,502,109
2020-3-11,684,182
2020-3-12,1116,432
2020-3-13,2101,985
2020-3-14,3036,935
2020-3-15,4120,1084
2020-3-16,6355,2235
2020-3-17,9145,2790
2020-3-18,12371,3226
2020-3-19,15509,3138
2020-3-20,19384,3875
2020-3-21,22155,2771
2020-3-22,24257,2102
2020-3-23,28354,4097
2020-3-24,32673,4319
2020-3-25,37157,4484
2020-3-26,41993,4836
2020-3-27,46808,4815
2020-3-28,50010,3202
2020-3-29,52483,2473
2020-3-30,58064,5581
2020-3-31,63994,5930
2020-4-1,69570,5576
2020-4-2,75574,6004
2020-4-3,82141,6567
2020-4-4,86885,4744
2020-4-5,90987,4102
2020-4-6,98567,7580
2020-4-7,106189,7622
2020-4-8,114147,7958
2020-4-9,121922,7775
2020-4-10,130773,8851
2020-4-11,136079,5306
2020-4-12,139881,3802
2020-4-13,147385,7504
2020-4-14,158730,11345
2020-4-15,170383,11653
2020-4-16,181089,10706
2020-4-17,194214,13125
2020-4-18,201692,7478
2020-4-19,207288,5596
2020-4-20,220251,12963
2020-4-21,232074,11823
2020-4-22,247471,15397
2020-4-23,260896,13425
2020-4-24,275799,14903
2020-4-25,286065,10266
2020-4-26,292273,6208
2020-4-27,306068,13795
2020-4-28,321343,15275
2020-4-29,336857,15514
2020-4-30,353731,16874
2020-5-1,371021,17290
2020-5-2,380218,9197
2020-5-3,386680,6462
2020-5-4,402124,15444
2020-5-5,418137,16013
2020-5-6,434822,16685
2020-5-7,451913,17091
2020-5-8,468858,16945
2020-5-9,476546,7688
2020-5-10,481105,4559
2020-5-11,496747,15642
2020-5-12,514106,17359
2020-5-13,532028,17922
2020-5-14,549405,17377
2020-5-15,567173,17768
2020-5-16,576513,9340
2020-5-17,582368,5855
2020-5-18,599958,17590
2020-5-19,616647,16689
2020-5-20,633557,16910
2020-5-21,649501,15944
2020-5-22,664312,14811
2020-5-23,671024,6712
2020-5-24,676583,5559
2020-5-25,681149,4566
2020-5-26,696585,15436
2020-5-27,710528,13943
2020-5-28,723341,12813
2020-5-29,736817,13476
2020-5-30,744372,7555
2020-5-31,749434,5062
2020-6-1,762326,12892
2020-6-2,775400,13074
2020-6-3,788511,13111
2020-6-4,800535,12024
2020-6-5,812059,11524
2020-6-6,818324,6265
2020-6-7,823299,4975
2020-6-8,837245,13946
2020-6-9,851600,14355
2020-6-10,865036,13436
2020-6-11,878117,13081
2020-6-12,891121,13004
2020-6-13,897556,6435
2020-6-14,902595,5039
2020-6-15,916721,14126
2020-6-16,930421,13700
2020-6-17,948313,17892
2020-6-18,965653,17340
2020-6-19,977274,11621
2020-6-20,984482,7208
2020-6-21,989710,5228
2020-6-22,1003300,13590
2020-6-23,1017367,14067
2020-6-24,1031365,13998
2020-6-25,1044011,12646
2020-6-26,1057242,13231
2020-6-27,1065078,7836
2020-6-28,1071326,6248
2020-6-29,1087438,16112
2020-6-30,1103550,16112
2020-7-1,1118078,14528
2020-7-2,1131994,13916
2020-7-3,1140333,8339
2020-7-4,1144610,4277
2020-7-5,1151255,6645
2020-7-6,1168234,16979
2020-7-7,1187946,19712
2020-7-8,1207451,19505
2020-7-9,1225191,17740
2020-7-10,1243451,18260
2020-7-11,1253667,10216
2020-7-12,1260707,7040
2020-7-13,1280742,20035
2020-7-14,1301642,20900
2020-7-15,1322563,20921
2020-7-16,1340149,17586
2020-7-17,1358139,17990
2020-7-18,1369098,10959
2020-7-19,1376714,7616
2020-7-20,1394144,17430
2020-7-21,1413854,19710
2020-7-22,1432182,18328
2020-7-23,1452393,20211
2020-7-24,1469667,17274
2020-7-25,1481044,11377
2020-7-26,1488394,7350
2020-7-27,1510417,22023
2020-7-28,1536007,25590
2020-7-29,1558049,22042
2020-7-30,1580970,22921
2020-7-31,1602496,21526
2020-8-1,1613551,11055
2020-8-2,1621729,8178
2020-8-3,1648689,26960
2020-8-4,1673078,24389
2020-8-5,1698416,25338
2020-8-6,1721559,23143
2020-8-7,1743447,21888
2020-8-8,1755478,12031
2020-8-9,1763161,7683
2020-8-10,1778102,14941
2020-8-11,1781520,3418
2020-8-12,1781548,28
2020-8-13,1821031,39483
2020-8-14,1853032,32001
2020-8-15,1886299,33267
2020-8-16,1908475,22176
2020-8-17,1929891,21416
2020-8-18,1946517,16626
2020-8-19,1974918,28401
2020-8-20,2009062,34144
2020-8-21,2050871,41809
2020-8-22,2064529,13658
2020-8-23,2064529,0
2020-8-24,2122991,58462
2020-8-25,2157864,34873
2020-8-26,2194342,36478
2020-8-27,2246626,52284
2020-8-28,2290752,44126
2020-8-29,2339669,48917
2020-8-30,2372564,32895
2020-8-31,2404426,31862
2020-9-1,2448341,43915
2020-9-2,2478482,30141
2020-9-3,2560869,82387
2020-9-4,2600312,39443
2020-9-5,2660462,60150
2020-9-6,2704512,44050
2020-9-7,2728153,23641
2020-9-8,2758384,30231
2020-9-9,2798585,40201
2020-9-10,2852550,53965
2020-9-11,2905353,52803
2020-9-12,2968723,63370
2020-9-13,3006158,37435
2020-9-14,3038625,32467
2020-9-15,3075812,37187
2020-9-16,3131714,55902
2020-9-17,3199563,67849
2020-9-18,3264873,65310
2020-9-19,3337292,72419
2020-9-20,3399512,62220
2020-9-21,3436161,36649
2020-9-22,3476679,40518
2020-9-23,3557548,80869
2020-9-24,3642716,85168
2020-9-25,3706728,64012
2020-9-26,3780020,73292
2020-9-27,3881846,101826
2020-9-28,3931219,49373
2020-9-29,3988224,57005
2020-9-30,4050617,62393
2020-10-1,4125104,74487
2020-10-2,4200018,74914
2020-10-3,4265786,65768
2020-10-4,4334501,68715
2020-10-5,4371050,36549
2020-10-6,4416428,45378
2020-10-7,4478131,61703
2020-10-8,4541516,63385
2020-10-9,4601434,59918
2020-10-10,4670758,69324
2020-10-11,4748004,77246
2020-10-12,4815399,67395
2020-10-13,4857515,42116
2020-10-14,4896199,38684
2020-10-15,4955322,59123
2020-10-16,5012963,57641
2020-10-17,5088797,75834
2020-10-18,5168943,80146
2020-10-19,5239651,70708
2020-10-20,5306041,66390
2020-10-21,5366394,60353
2020-10-22,5441066,74672
2020-10-23,5515148,74082
2020-10-24,5585169,70021
2020-10-25,5668015,82846
2020-10-26,5723873,55858
2020-10-27,5781231,57358
2020-10-28,5865571,84340
2020-10-29,5931323,65752
2020-10-30,6009927,78604
2020-10-31,6103161,93234
2020-11-1,6165624,62463
2020-11-2,6217043,51419
2020-11-3,6271886,54843
2020-11-4,6374952,103066
2020-11-5,6461311,86359
2020-11-6,6547668,86357
2020-11-7,6639954,92286
2020-11-8,6720526,80572
2020-11-9,6767987,47461
2020-11-10,6826328,58341
2020-11-11,6906649,80321
2020-11-12,7004724,98075
2020-11-13,7086029,81305
2020-11-14,7197095,111066
2020-11-15,7268466,71371
2020-11-16,7321731,53265
2020-11-17,7387199,65468
2020-11-18,7484835,97636
2020-11-19,7576974,92139
2020-11-20,7648243,71269
2020-11-21,7757482,109239
2020-11-22,7867762,110280
2020-11-23,7920042,52280
2020-11-24,8000861,80819
2020-11-25,8130694,129833
2020-11-26,8130694,0
2020-11-27,8250436,119742
2020-11-28,8322705,72269
2020-11-29,8371390,48685
2020-11-30,8400584,29194
2020-12-1,8460417,59833
2020-12-2,8566262,105845
2020-12-3,8677996,111734
2020-12-4,8774697,96701
2020-12-5,8880813,106116
2020-12-6,8970252,89439
2020-12-7,9013556,43304
2020-12-8,9072057,58501
2020-12-9,9181066,109009
2020-12-10,9278419,97353
2020-12-11,9377600,99181
2020-12-12,9477319,99719
2020-12-13,9567575,90256
2020-12-14,9623697,56122
2020-12-15,9684933,61236
2020-12-16,9809105,124172
2020-12-17,9901732,92627
2020-12-18,10007766,106034
2020-12-19,10087980,80214
2020-12-20,10178769,90789
2020-12-21,10239836,61067
2020-12-22,10301914,62078
2020-12-23,10399569,97655
2020-12-24,10514045,114476
2020-12-25,10514045,0
2020-12-26,10622490,108445
2020-12-27,10663821,41331
2020-12-28,10713593,49772
2020-12-29,10762822,49229
2020-12-30,10848872,86050
2020-12-31,10944699,95827
2021-1-1,10944699,0
2021-1-2,11046093,101394
2021-1-3,11090924,44831
2021-1-4,11146494,55570
2021-1-5,11206212,59718
2021-1-6,11308785,102573
2021-1-7,11417197,108412
2021-1-8,11525766,108569
2021-1-9,11635559,109793
2021-1-10,11717313,81754
2021-1-11,11774727,57414
2021-1-12,11844709,69982
2021-1-13,11944985,100276
2021-1-14,12046398,101413
2021-1-15,12147366,100968
2021-1-16,12259486,112120
2021-1-17,12348663,89177
2021-1-18,12398580,49917
2021-1-19,12454145,55565
2021-1-20,12536712,82567
2021-1-21,12648438,111726
2021-1-22,12754206,105768
2021-1-23,12866597,112391
2021-1-24,12967924,101327
2021-1-25,13046574,78650
2021-1-26,13096275,49701
2021-1-27,13192478,96203
2021-1-28,13309441,116963
2021-1-29,13395638,86197
2021-1-30,13538980,143342
2021-1-31,13632898,93918
2021-2-1,13721200,88302
2021-2-2,13782465,61265
2021-2-3,13874158,91693
2021-2-4,13955444,81286
2021-2-5,14082912,127468
2021-2-6,14212421,129509
2021-2-7,14325516,113095
2021-2-8,14368462,42946
2021-2-9,14420574,52112
2021-2-10,14520845,100271
2021-2-11,14631637,110792
2021-2-12,14737744,106107
2021-2-13,14837659,99915
2021-2-14,14948553,110894
2021-2-15,15011405,62852
2021-2-16,15057893,46488
2021-2-17,15140864,82971
2021-2-18,15240866,100002
2021-2-19,15347522,106656
2021-2-20,15462524,115002
2021-2-21,15549944,87420
2021-2-22,15599873,49929
2021-2-23,15662404,62531
2021-2-24,15776531,114127
2021-2-25,15894675,118144
2021-2-26,15997259,102584
2021-2-27,16105520,108261
2021-2-28,16208091,102571
2021-3-1,16261930,53839
2021-3-2,16317937,56007
2021-3-3,16419989,102052
2021-3-4,16522351,102362
2021-3-5,16628614,106263
2021-3-6,16728973,100359
2021-3-7,16825551,96578
