Date,MIDATA.TotalTestResults,MIDATA.TotalTestResultsInc
2020-3-1,0,0
2020-3-2,0,0
2020-3-3,0,0
2020-3-4,0,0
2020-3-5,0,0
2020-3-6,0,0
2020-3-7,0,0
2020-3-8,0,0
2020-3-9,0,0
2020-3-10,3,3
2020-3-11,4,1
2020-3-12,28,24
2020-3-13,49,21
2020-3-14,76,27
2020-3-15,109,33
2020-3-16,265,156
2020-3-17,1100,835
2020-3-18,1852,752
2020-3-19,2590,738
2020-3-20,3845,1255
2020-3-21,5203,1358
2020-3-22,6223,1020
2020-3-23,7676,1453
2020-3-24,9356,1680
2020-3-25,11782,2426
2020-3-26,15597,3815
2020-3-27,19133,3536
2020-3-28,21920,2787
2020-3-29,24312,2392
2020-3-30,32172,7860
2020-3-31,37055,4883
2020-4-1,43188,6133
2020-4-2,49095,5907
2020-4-3,55096,6001
2020-4-4,62205,7109
2020-4-5,67055,4850
2020-4-6,72281,5226
2020-4-7,77133,4852
2020-4-8,81186,4053
2020-4-9,85972,4786
2020-4-10,90552,4580
2020-4-11,94307,3755
2020-4-12,97593,3286
2020-4-13,101183,3590
2020-4-14,106183,5000
2020-4-15,110766,4583
2020-4-16,116440,5674
2020-4-17,122507,6067
2020-4-18,127391,4884
2020-4-19,130677,3286
2020-4-20,135204,4527
2020-4-21,142813,7609
2020-4-22,151154,8341
2020-4-23,160853,9699
2020-4-24,169942,9089
2020-4-25,176663,6721
2020-4-26,182757,6094
2020-4-27,190156,7399
2020-4-28,199206,9050
2020-4-29,209855,10649
2020-4-30,221578,11723
2020-5-1,232528,10950
2020-5-2,243366,10838
2020-5-3,250589,7223
2020-5-4,258536,7947
2020-5-5,269955,11419
2020-5-6,282451,12496
2020-5-7,295016,12565
2020-5-8,307801,12785
2020-5-9,319680,11879
2020-5-10,328334,8654
2020-5-11,339843,11509
2020-5-12,353909,14066
2020-5-13,373484,19575
2020-5-14,391176,17692
2020-5-15,407180,16004
2020-5-16,419366,12186
2020-5-17,430802,11436
2020-5-18,444305,13503
2020-5-19,461365,17060
2020-5-20,475714,14349
2020-5-21,492412,16698
2020-5-22,512752,20340
2020-5-23,527621,14869
2020-5-24,539550,11929
2020-5-25,549107,9557
2020-5-26,561095,11988
2020-5-27,579682,18587
2020-5-28,597828,18146
2020-5-29,615138,17310
2020-5-30,631367,16229
2020-5-31,644519,13152
2020-6-1,659153,14634
2020-6-2,675320,16167
2020-6-3,692016,16696
2020-6-4,707130,15114
2020-6-5,720088,12958
2020-6-6,730837,10749
2020-6-7,741368,10531
2020-6-8,754408,13040
2020-6-9,771552,17144
2020-6-10,771552,0
2020-6-11,786154,14602
2020-6-12,802036,15882
2020-6-13,815374,13338
2020-6-14,829523,14149
2020-6-15,839866,10343
2020-6-16,851830,11964
2020-6-17,866277,14447
2020-6-18,866277,0
2020-6-19,896382,30105
2020-6-20,911028,14646
2020-6-21,923961,12933
2020-6-22,934545,10584
2020-6-23,945209,10664
2020-6-24,961368,16159
2020-6-25,979418,18050
2020-6-26,998490,19072
2020-6-27,1017855,19365
2020-6-28,1033820,15965
2020-6-29,1046545,12725
2020-6-30,1062116,15571
2020-7-1,1078989,16873
2020-7-2,1102412,23423
2020-7-3,1125738,23326
2020-7-4,1147836,22098
2020-7-5,1164666,16830
2020-7-6,1177247,12581
2020-7-7,1194318,17071
2020-7-8,1218053,23735
2020-7-9,1241962,23909
2020-7-10,1265344,23382
2020-7-11,1292951,27607
2020-7-12,1315305,22354
2020-7-13,1332667,17362
2020-7-14,1353182,20515
2020-7-15,1387545,34363
2020-7-16,1414802,27257
2020-7-17,1445361,30559
2020-7-18,1476385,31024
2020-7-19,1505204,28819
2020-7-20,1527804,22600
2020-7-21,1550697,22893
2020-7-22,1581285,30588
2020-7-23,1608660,27375
2020-7-24,1637017,28357
2020-7-25,1637017,0
2020-7-26,1693712,56695
2020-7-27,1723892,30180
2020-7-28,1751875,27983
2020-7-29,1819805,67930
2020-7-30,1836584,16779
2020-7-31,1868156,31572
2020-8-1,1900915,32759
2020-8-2,1926348,25433
2020-8-3,1951555,25207
2020-8-4,1979257,27702
2020-8-5,2005494,26237
2020-8-6,2031654,26160
2020-8-7,2061956,30302
2020-8-8,2100848,38892
2020-8-9,2127348,26500
2020-8-10,2148786,21438
2020-8-11,2172898,24112
2020-8-12,2208812,35914
2020-8-13,2249441,40629
2020-8-14,2288733,39292
2020-8-15,2319557,30824
2020-8-16,2349431,29874
2020-8-17,2368782,19351
2020-8-18,2391049,22267
2020-8-19,2424004,32955
2020-8-20,2455187,31183
2020-8-21,2455187,0
2020-8-22,2488205,33018
2020-8-23,2564334,76129
2020-8-24,2585426,21092
2020-8-25,2609724,24298
2020-8-26,2651069,41345
2020-8-27,2681786,30717
2020-8-28,2715128,33342
2020-8-29,2749406,34278
2020-8-30,2776497,27091
2020-8-31,2796262,19765
2020-9-1,2821258,24996
2020-9-2,2848852,27594
2020-9-3,2881707,32855
2020-9-4,2910912,29205
2020-9-5,2951815,40903
2020-9-6,2951815,0
2020-9-7,2995886,44071
2020-9-8,3013356,17470
2020-9-9,3036493,23137
2020-9-10,3069695,33202
2020-9-11,3106168,36473
2020-9-12,3144491,38323
2020-9-13,3144491,0
2020-9-14,3196127,51636
2020-9-15,3221906,25779
2020-9-16,3252947,31041
2020-9-17,3286221,33274
2020-9-18,3319787,33566
2020-9-19,3353686,33899
2020-9-20,3353686,0
2020-9-21,3405774,52088
2020-9-22,3425958,20184
2020-9-23,3460290,34332
2020-9-24,3498071,37781
2020-9-25,3537643,39572
2020-9-26,3578584,40941
2020-9-27,3578584,0
2020-9-28,3629903,51319
2020-9-29,3653724,23821
2020-9-30,3683262,29538
2020-10-1,3719187,35925
2020-10-2,3759598,40411
2020-10-3,3800035,40437
2020-10-4,3800035,0
2020-10-5,3855106,55071
2020-10-6,3880970,25864
2020-10-7,3915651,34681
2020-10-8,3957766,42115
2020-10-9,4001264,43498
2020-10-10,4046782,45518
2020-10-11,4046782,0
2020-10-12,4097809,51027
2020-10-13,4136648,38839
2020-10-14,4166236,29588
2020-10-15,4208358,42122
2020-10-16,4261714,53356
2020-10-17,4261714,0
2020-10-18,4261714,0
2020-10-19,4372735,111021
2020-10-20,4423487,50752
2020-10-21,4458664,35177
2020-10-22,4506888,48224
2020-10-23,4565069,58181
2020-10-24,4618562,53493
2020-10-25,4618562,0
2020-10-26,4691479,72917
2020-10-27,4732725,41246
2020-10-28,4732725,0
2020-10-29,4840289,107564
2020-10-30,4902392,62103
2020-10-31,4952466,50074
2020-11-1,4952466,0
2020-11-2,5049428,96962
2020-11-3,5092680,43252
2020-11-4,5135947,43267
2020-11-5,5135947,0
2020-11-6,5251313,115366
2020-11-7,5326663,75350
2020-11-8,5326663,0
2020-11-9,5413888,87225
2020-11-10,5475169,61281
2020-11-11,5531184,56015
2020-11-12,5599696,68512
2020-11-13,5674192,74496
2020-11-14,5746213,72021
2020-11-15,5746213,0
2020-11-16,5864056,117843
2020-11-17,5921726,57670
2020-11-18,5980495,58769
2020-11-19,6051723,71228
2020-11-20,6137085,85362
2020-11-21,6226968,89883
2020-11-22,6226968,0
2020-11-23,6327491,100523
2020-11-24,6401032,73541
2020-11-25,6462837,61805
2020-11-26,6462837,0
2020-11-27,6582568,119731
2020-11-28,6641888,59320
2020-11-29,6641888,0
2020-11-30,6748732,106844
2020-12-1,6787153,38421
2020-12-2,6831058,43905
2020-12-3,6904525,73467
2020-12-4,6973170,68645
2020-12-5,7041377,68207
2020-12-6,7041377,0
2020-12-7,7136978,95601
2020-12-8,7198366,61388
2020-12-9,7246465,48099
2020-12-10,7306785,60320
2020-12-11,7366553,59768
2020-12-12,7424200,57647
2020-12-13,7424200,0
2020-12-14,7514246,90046
2020-12-15,7563957,49711
2020-12-16,7619337,55380
2020-12-17,7673084,53747
2020-12-18,7724003,50919
2020-12-19,7786681,62678
2020-12-20,7786681,0
2020-12-21,7871299,84618
2020-12-22,7904894,33595
2020-12-23,7937658,32764
2020-12-24,7937658,0
2020-12-25,7937658,0
2020-12-26,8069745,132087
2020-12-27,8069745,0
2020-12-28,8132689,62944
2020-12-29,8154337,21648
2020-12-30,8202753,48416
2020-12-31,8202753,0
2021-1-1,8202753,0
2021-1-2,8202753,0
2021-1-3,8202753,0
2021-1-4,8386367,183614
2021-1-5,8410913,24546
2021-1-6,8456264,45351
2021-1-7,8501322,45058
2021-1-8,8555401,54079
2021-1-9,8608748,53347
2021-1-10,8608748,0
2021-1-11,8683220,74472
2021-1-12,8718556,35336
2021-1-13,8760017,41461
2021-1-14,8808938,48921
2021-1-15,8851129,42191
2021-1-16,8902388,51259
2021-1-17,8902388,0
2021-1-18,8968345,65957
2021-1-19,8987781,19436
2021-1-20,9028065,40284
2021-1-21,9083720,55655
2021-1-22,9128298,44578
2021-1-23,9182223,53925
2021-1-24,9182223,0
2021-1-25,9242391,60168
2021-1-26,9269199,26808
2021-1-27,9318089,48890
2021-1-28,9369596,51507
2021-1-29,9422109,52513
2021-1-30,9465145,43036
2021-1-31,9465145,0
2021-2-1,9515056,49911
2021-2-2,9533456,18400
2021-2-3,9573732,40276
2021-2-4,9623858,50126
2021-2-5,9671491,47633
2021-2-6,9708516,37025
2021-2-7,9708516,0
2021-2-8,9761104,52588
2021-2-9,9779407,18303
2021-2-10,9813783,34376
2021-2-11,9862459,48676
2021-2-12,9904167,41708
2021-2-13,9938349,34182
2021-2-14,9938349,0
2021-2-15,9989965,51616
2021-2-16,10007134,17169
2021-2-17,10035426,28292
2021-2-18,10067955,32529
2021-2-19,10106038,38083
2021-2-20,10145067,39029
2021-2-21,10145067,0
2021-2-22,10191403,46336
2021-2-23,10216893,25490
2021-2-24,10258784,41891
2021-2-25,10308944,50160
2021-2-26,10350910,41966
2021-2-27,10387891,36981
2021-2-28,10387891,0
2021-3-1,10436278,48387
2021-3-2,10455684,19406
2021-3-3,10492137,36453
2021-3-4,10538623,46486
2021-3-5,10584735,46112
2021-3-6,10621967,37232
2021-3-7,10621967,0
