Date,MNDATA.TotalTestResults,MNDATA.TotalTestResultsInc
2020-3-6,37,0
2020-3-7,50,13
2020-3-8,50,0
2020-3-9,85,35
2020-3-10,143,58
2020-3-11,238,95
2020-3-12,350,112
2020-3-13,603,253
2020-3-14,937,334
2020-3-15,1515,578
2020-3-16,2018,503
2020-3-17,2522,504
2020-3-18,2954,432
2020-3-19,3236,282
2020-3-20,4044,808
2020-3-21,4279,235
2020-3-22,4860,581
2020-3-23,4904,44
2020-3-24,5994,1090
2020-3-25,11690,5696
2020-3-26,13169,1479
2020-3-27,14245,1076
2020-3-28,18082,3837
2020-3-29,19291,1209
2020-3-30,20335,1044
2020-3-31,21851,1516
2020-4-1,22853,1002
2020-4-2,24836,1983
2020-4-3,26182,1346
2020-4-4,27845,1663
2020-4-5,29307,1462
2020-4-6,30485,1178
2020-4-7,32035,1550
2020-4-8,33488,1453
2020-4-9,35319,1831
2020-4-10,37078,1759
2020-4-11,38704,1626
2020-4-12,39894,1190
2020-4-13,40679,785
2020-4-14,41870,1191
2020-4-15,43566,1696
2020-4-16,45022,1456
2020-4-17,46488,1466
2020-4-18,47970,1482
2020-4-19,49202,1232
2020-4-20,50044,842
2020-4-21,51793,1749
2020-4-22,53923,2130
2020-4-23,56414,2491
2020-4-24,59494,3080
2020-4-25,62109,2615
2020-4-26,64673,2564
2020-4-27,66690,2017
2020-4-28,70036,3346
2020-4-29,77118,7082
2020-4-30,81465,4347
2020-5-1,85950,4485
2020-5-2,89680,3730
2020-5-3,92844,3164
2020-5-4,96912,4068
2020-5-5,100078,3166
2020-5-6,104557,4479
2020-5-7,109572,5015
2020-5-8,114448,4876
2020-5-9,119361,4913
2020-5-10,124661,5300
2020-5-11,129964,5303
2020-5-12,133977,4013
2020-5-13,141274,7297
2020-5-14,148008,6734
2020-5-15,157136,9128
2020-5-16,165104,7968
2020-5-17,171077,5973
2020-5-18,177474,6397
2020-5-19,183851,6377
2020-5-20,190808,6957
2020-5-21,199088,8280
2020-5-22,208810,9722
2020-5-23,217706,8896
2020-5-24,224687,6981
2020-5-25,231340,6653
2020-5-26,238282,6942
2020-5-27,247809,9527
2020-5-28,257754,9945
2020-5-29,268137,10383
2020-5-30,276573,8436
2020-5-31,283455,6882
2020-6-1,287636,4181
2020-6-2,295307,7671
2020-6-3,311208,15901
2020-6-4,322148,10940
2020-6-5,333185,11037
2020-6-6,343597,10412
2020-6-7,353141,9544
2020-6-8,360912,7771
2020-6-9,369793,8881
2020-6-10,381833,12040
2020-6-11,395234,13401
2020-6-12,408052,12818
2020-6-13,417710,9658
2020-6-14,417710,0
2020-6-15,422922,5212
2020-6-16,429145,6223
2020-6-17,448587,19442
2020-6-18,460879,12292
2020-6-19,475152,14273
2020-6-20,492043,16891
2020-6-21,504363,12320
2020-6-22,513137,8774
2020-6-23,520045,6908
2020-6-24,529643,9598
2020-6-25,542696,13053
2020-6-26,557278,14582
2020-6-27,568907,11629
2020-6-28,585417,16510
2020-6-29,592955,7538
2020-6-30,605316,12361
2020-7-1,617107,11791
2020-7-2,630427,13320
2020-7-3,645172,14745
2020-7-4,645172,0
2020-7-5,674015,28843
2020-7-6,679693,5678
2020-7-7,685247,5554
2020-7-8,692970,7723
2020-7-9,705440,12470
2020-7-10,725825,20385
2020-7-11,742095,16270
2020-7-12,755052,12957
2020-7-13,768989,13937
2020-7-14,777614,8625
2020-7-15,790497,12883
2020-7-16,805212,14715
2020-7-17,819511,14299
2020-7-18,835962,16451
2020-7-19,853188,17226
2020-7-20,867410,14222
2020-7-21,876859,9449
2020-7-22,888551,11692
2020-7-23,905315,16764
2020-7-24,922876,17561
2020-7-25,940696,17820
2020-7-26,957374,16678
2020-7-27,970726,13352
2020-7-28,979988,9262
2020-7-29,993091,13103
2020-7-30,1007882,14791
2020-7-31,1024916,17034
2020-8-1,1040317,15401
2020-8-2,1054962,14645
2020-8-3,1070925,15963
2020-8-4,1078695,7770
2020-8-5,1090303,11608
2020-8-6,1105094,14791
2020-8-7,1121299,16205
2020-8-8,1138595,17296
2020-8-9,1159139,20544
2020-8-10,1172118,12979
2020-8-11,1177935,5817
2020-8-12,1188288,10353
2020-8-13,1203559,15271
2020-8-14,1219816,16257
2020-8-15,1236918,17102
2020-8-16,1254208,17290
2020-8-17,1266561,12353
2020-8-18,1273397,6836
2020-8-19,1308264,34867
2020-8-20,1322220,13956
2020-8-21,1340850,18630
2020-8-22,1357595,16745
2020-8-23,1374536,16941
2020-8-24,1386513,11977
2020-8-25,1394986,8473
2020-8-26,1406007,11021
2020-8-27,1427347,21340
2020-8-28,1443344,15997
2020-8-29,1460381,17037
2020-8-30,1478432,18051
2020-8-31,1489726,11294
2020-9-1,1498919,9193
2020-9-2,1525555,26636
2020-9-3,1540107,14552
2020-9-4,1558831,18724
2020-9-5,1577466,18635
2020-9-6,1594639,17173
2020-9-7,1609618,14979
2020-9-8,1616738,7120
2020-9-9,1621174,4436
2020-9-10,1646961,25787
2020-9-11,1665328,18367
2020-9-12,1684520,19192
2020-9-13,1707514,22994
2020-9-14,1724779,17265
2020-9-15,1733292,8513
2020-9-16,1743611,10319
2020-9-17,1763735,20124
2020-9-18,1791680,27945
2020-9-19,1815774,24094
2020-9-20,1838392,22618
2020-9-21,1855308,16916
2020-9-22,1863694,8386
2020-9-23,1873867,10173
2020-9-24,1895302,21435
2020-9-25,1924020,28718
2020-9-26,1954715,30695
2020-9-27,1981100,26385
2020-9-28,2003115,22015
2020-9-29,2017350,14235
2020-9-30,2030167,12817
2020-10-1,2055888,25721
2020-10-2,2086963,31075
2020-10-3,2116038,29075
2020-10-4,2146411,30373
2020-10-5,2169786,23375
2020-10-6,2182970,13184
2020-10-7,2195882,12912
2020-10-8,2224194,28312
2020-10-9,2256165,31971
2020-10-10,2288662,32497
2020-10-11,2318810,30148
2020-10-12,2337122,18312
2020-10-13,2355124,18002
2020-10-14,2367344,12220
2020-10-15,2386848,19504
2020-10-16,2430551,43703
2020-10-17,2458271,27720
2020-10-18,2489218,30947
2020-10-19,2511395,22177
2020-10-20,2522999,11604
2020-10-21,2539376,16377
2020-10-22,2564491,25115
2020-10-23,2590925,26434
2020-10-24,2625390,34465
2020-10-25,2660323,34933
2020-10-26,2684014,23691
2020-10-27,2698113,14099
2020-10-28,2713077,14964
2020-10-29,2742869,29792
2020-10-30,2774695,31826
2020-10-31,2809133,34438
2020-11-1,2836227,27094
2020-11-2,2872763,36536
2020-11-3,2883738,10975
2020-11-4,2914937,31199
2020-11-5,2947153,32216
2020-11-6,2990965,43812
2020-11-7,3035394,44429
2020-11-8,3077966,42572
2020-11-9,3103434,25468
2020-11-10,3135996,32562
2020-11-11,3150108,14112
2020-11-12,3203325,53217
2020-11-13,3251551,48226
2020-11-14,3302499,50948
2020-11-15,3364535,62036
2020-11-16,3413692,49157
2020-11-17,3445247,31555
2020-11-18,3478924,33677
2020-11-19,3534745,55821
2020-11-20,3588557,53812
2020-11-21,3640177,51620
2020-11-22,3700343,60166
2020-11-23,3756777,56434
2020-11-24,3809976,53199
2020-11-25,3873062,63086
2020-11-26,3873062,0
2020-11-27,3922136,49074
2020-11-28,4027255,105119
2020-11-29,4116741,89486
2020-11-30,4156622,39881
2020-12-1,4179928,23306
2020-12-2,4218617,38689
2020-12-3,4266980,48363
2020-12-4,4322340,55360
2020-12-5,4370635,48295
2020-12-6,4431677,61042
2020-12-7,4494494,62817
2020-12-8,4519051,24557
2020-12-9,4553805,34754
2020-12-10,4592108,38303
2020-12-11,4645205,53097
2020-12-12,4691759,46554
2020-12-13,4734544,42785
2020-12-14,4776509,41965
2020-12-15,4807318,30809
2020-12-16,4823852,16534
2020-12-17,4865880,42028
2020-12-18,4923927,58047
2020-12-19,4956894,32967
2020-12-20,5015155,58261
2020-12-21,5046965,31810
2020-12-22,5076975,30010
2020-12-23,5094803,17828
2020-12-24,5141662,46859
2020-12-25,5141662,0
2020-12-26,5187026,45364
2020-12-27,5269754,82728
2020-12-28,5281864,12110
2020-12-29,5288334,6470
2020-12-30,5309130,20796
2020-12-31,5351379,42249
2021-1-1,5351379,0
2021-1-2,5387936,36557
2021-1-3,5476196,88260
2021-1-4,5484851,8655
2021-1-5,5499303,14452
2021-1-6,5519178,19875
2021-1-7,5553851,34673
2021-1-8,5597732,43881
2021-1-9,5635581,37849
2021-1-10,5670387,34806
2021-1-11,5687368,16981
2021-1-12,5714994,27626
2021-1-13,5733978,18984
2021-1-14,5767323,33345
2021-1-15,5808350,41027
2021-1-16,5836107,27757
2021-1-17,5863218,27111
2021-1-18,5883217,19999
2021-1-19,5895901,12684
2021-1-20,5910354,14453
2021-1-21,5945782,35428
2021-1-22,5984932,39150
2021-1-23,6024172,39240
2021-1-24,6052223,28051
2021-1-25,6071392,19169
2021-1-26,6080904,9512
2021-1-27,6096425,15521
2021-1-28,6138854,42429
2021-1-29,6181070,42216
2021-1-30,6210344,29274
2021-1-31,6236640,26296
2021-2-1,6255856,19216
2021-2-2,6264836,8980
2021-2-3,6281780,16944
2021-2-4,6326093,44313
2021-2-5,6360982,34889
2021-2-6,6391756,30774
2021-2-7,6415297,23541
2021-2-8,6433140,17843
2021-2-9,6442513,9373
2021-2-10,6459253,16740
2021-2-11,6497251,37998
2021-2-12,6535718,38467
2021-2-13,6563488,27770
2021-2-14,6586481,22993
2021-2-15,6603904,17423
2021-2-16,6611756,7852
2021-2-17,6630126,18370
2021-2-18,6661749,31623
2021-2-19,6700993,39244
2021-2-20,6729262,28269
2021-2-21,6754710,25448
2021-2-22,6771188,16478
2021-2-23,6779613,8425
2021-2-24,6785781,6168
2021-2-25,6831489,45708
2021-2-26,6866911,35422
2021-2-27,6891674,24763
2021-2-28,6916577,24903
2021-3-1,6934737,18160
2021-3-2,6943992,9255
2021-3-3,6960999,17007
2021-3-4,7023826,62827
2021-3-5,7058033,34207
2021-3-6,7086059,28026
2021-3-7,7111428,25369
