Date,MODATA.TotalTestResults,MODATA.TotalTestResultsInc
2020-3-7,23,0
2020-3-8,31,8
2020-3-9,36,5
2020-3-10,42,6
2020-3-11,54,12
2020-3-12,65,11
2020-3-13,87,22
2020-3-14,115,28
2020-3-15,188,73
2020-3-16,287,99
2020-3-17,405,118
2020-3-18,845,440
2020-3-19,1530,685
2020-3-20,2327,797
2020-3-21,3455,1128
2020-3-22,4642,1187
2020-3-23,5455,813
2020-3-24,6165,710
2020-3-25,7980,1815
2020-3-26,10044,2064
2020-3-27,12479,2435
2020-3-28,14889,2410
2020-3-29,17025,2136
2020-3-30,18299,1274
2020-3-31,19189,890
2020-4-1,21956,2767
2020-4-2,24415,2459
2020-4-3,26710,2295
2020-4-4,28877,2167
2020-4-5,30851,1974
2020-4-6,31954,1103
2020-4-7,32855,901
2020-4-8,35599,2744
2020-4-9,37902,2303
2020-4-10,40173,2271
2020-4-11,42151,1978
2020-4-12,44241,2090
2020-4-13,45189,948
2020-4-14,45977,788
2020-4-15,48233,2256
2020-4-16,50402,2169
2020-4-17,52444,2042
2020-4-18,54507,2063
2020-4-19,56834,2327
2020-4-20,58076,1242
2020-4-21,59056,980
2020-4-22,61646,2590
2020-4-23,64187,2541
2020-4-24,67165,2978
2020-4-25,69988,2823
2020-4-26,72715,2727
2020-4-27,74013,1298
2020-4-28,75149,1136
2020-4-29,79128,3979
2020-4-30,84070,4942
2020-5-1,88989,4919
2020-5-2,93120,4131
2020-5-3,97614,4494
2020-5-4,99201,1587
2020-5-5,100383,1182
2020-5-6,104488,4105
2020-5-7,109282,4794
2020-5-8,113490,4208
2020-5-9,117301,3811
2020-5-10,121559,4258
2020-5-11,123746,2187
2020-5-12,125042,1296
2020-5-13,130101,5059
2020-5-14,134975,4874
2020-5-15,139740,4765
2020-5-16,143966,4226
2020-5-17,146255,2289
2020-5-18,152320,6065
2020-5-19,154773,2453
2020-5-20,159636,4863
2020-5-21,163684,4048
2020-5-22,167199,3515
2020-5-23,169050,1851
2020-5-24,169732,682
2020-5-25,180120,10388
2020-5-26,183650,3530
2020-5-27,183650,0
2020-5-28,183650,0
2020-5-29,183650,0
2020-5-30,183650,0
2020-5-31,183650,0
2020-6-1,183650,0
2020-6-2,183650,0
2020-6-3,183650,0
2020-6-4,183650,0
2020-6-5,254990,71340
2020-6-6,270232,15242
2020-6-7,270232,0
2020-6-8,270232,0
2020-6-9,270232,0
2020-6-10,270232,0
2020-6-11,270232,0
2020-6-12,270232,0
2020-6-13,270232,0
2020-6-14,270232,0
2020-6-15,270232,0
2020-6-16,270232,0
2020-6-17,270232,0
2020-6-18,270232,0
2020-6-19,270232,0
2020-6-20,270232,0
2020-6-21,270232,0
2020-6-22,270232,0
2020-6-23,382610,112378
2020-6-24,382610,0
2020-6-25,382610,0
2020-6-26,424214,41604
2020-6-27,424214,0
2020-6-28,424214,0
2020-6-29,424214,0
2020-6-30,424214,0
2020-7-1,424214,0
2020-7-2,424214,0
2020-7-3,424214,0
2020-7-4,424214,0
2020-7-5,424214,0
2020-7-6,528835,104621
2020-7-7,539395,10560
2020-7-8,547352,7957
2020-7-9,563325,15973
2020-7-10,576537,13212
2020-7-11,590426,13889
2020-7-12,605046,14620
2020-7-13,621043,15997
2020-7-14,633226,12183
2020-7-15,646880,13654
2020-7-16,664810,17930
2020-7-17,677038,12228
2020-7-18,696291,19253
2020-7-19,709043,12752
2020-7-20,728137,19094
2020-7-21,739140,11003
2020-7-22,749051,9911
2020-7-23,769616,20565
2020-7-24,784770,15154
2020-7-25,795966,11196
2020-7-26,806753,10787
2020-7-27,830014,23261
2020-7-28,846657,16643
2020-7-29,856436,9779
2020-7-30,877684,21248
2020-7-31,895691,18007
2020-8-1,910956,15265
2020-8-2,920290,9334
2020-8-3,936013,15723
2020-8-4,946923,10910
2020-8-5,957863,10940
2020-8-6,968131,10268
2020-8-7,996617,28486
2020-8-8,996617,0
2020-8-9,996617,0
2020-8-10,1028968,32351
2020-8-11,1046810,17842
2020-8-12,1057708,10898
2020-8-13,1074461,16753
2020-8-14,1093970,19509
2020-8-15,1106583,12613
2020-8-16,1119127,12544
2020-8-17,1138890,19763
2020-8-18,1150637,11747
2020-8-19,1158444,7807
2020-8-20,1172659,14215
2020-8-21,1185535,12876
2020-8-22,1196542,11007
2020-8-23,1218097,21555
2020-8-24,1214456,0
2020-8-25,1223471,9015
2020-8-26,1230039,6568
2020-8-27,1243050,13011
2020-8-28,1258585,15535
2020-8-29,1271859,13274
2020-8-30,1283056,11197
2020-8-31,1294127,11071
2020-9-1,1305031,10904
2020-9-2,1311023,5992
2020-9-3,1323249,12226
2020-9-4,1339671,16422
2020-9-5,1360462,20791
2020-9-6,1368585,8123
2020-9-7,1378643,10058
2020-9-8,1387279,8636
2020-9-9,1399957,12678
2020-9-10,1419455,19498
2020-9-11,1437730,18275
2020-9-12,1456844,19114
2020-9-13,1475583,18739
2020-9-14,1495313,19730
2020-9-15,1510342,15029
2020-9-16,1519434,9092
2020-9-17,1538232,18798
2020-9-18,1554625,16393
2020-9-19,1571002,16377
2020-9-20,1583984,12982
2020-9-21,1592975,8991
2020-9-22,1628323,35348
2020-9-23,1633863,5540
2020-9-24,1649352,15489
2020-9-25,1667432,18080
2020-9-26,1687509,20077
2020-9-27,1699319,11810
2020-9-28,1813137,113818
2020-9-29,1826199,13062
2020-9-30,1847369,21170
2020-10-1,1855986,8617
2020-10-2,1875678,19692
2020-10-3,1898178,22500
2020-10-4,1916747,18569
2020-10-5,1930086,13339
2020-10-6,1946604,16518
2020-10-7,1958461,11857
2020-10-8,1979390,20929
2020-10-9,2000979,21589
2020-10-10,2075699,74720
2020-10-11,2075699,0
2020-10-12,2075699,0
2020-10-13,2075699,0
2020-10-14,2206374,130675
2020-10-15,2222854,16480
2020-10-16,2222854,0
2020-10-17,2266988,44134
2020-10-18,2285067,18079
2020-10-19,2296674,11607
2020-10-20,2296674,0
2020-10-21,2326868,30194
2020-10-22,2346490,19622
2020-10-23,2363811,17321
2020-10-24,2388281,24470
2020-10-25,2406847,18566
2020-10-26,2420611,13764
2020-10-27,2438579,17968
2020-10-28,2454427,15848
2020-10-29,2474396,19969
2020-10-30,2494866,20470
2020-10-31,2517550,22684
2020-11-1,2535182,17632
2020-11-2,2553774,18592
2020-11-3,2585280,31506
2020-11-4,2602880,17600
2020-11-5,2624970,22090
2020-11-6,2649277,24307
2020-11-7,2672288,23011
2020-11-8,2654691,0
2020-11-9,2669455,14764
2020-11-10,2645421,0
2020-11-11,2705205,59784
2020-11-12,2726936,21731
2020-11-13,2742932,15996
2020-11-14,2769085,26153
2020-11-15,2785399,16314
2020-11-16,2801747,16348
2020-11-17,2825841,24094
2020-11-18,2844992,19151
2020-11-19,2865173,20181
2020-11-20,2889986,24813
2020-11-21,2899068,9082
2020-11-22,2923429,24361
2020-11-23,2942201,18772
2020-11-24,2960516,18315
2020-11-25,2983411,22895
2020-11-26,3009614,26203
2020-11-27,3027819,18205
2020-11-28,3042148,14329
2020-11-29,3058509,16361
2020-11-30,3076377,17868
2020-12-1,3089100,12723
2020-12-2,3103739,14639
2020-12-3,3124697,20958
2020-12-4,3147554,22857
2020-12-5,3173989,26435
2020-12-6,3196185,22196
2020-12-7,3211429,15244
2020-12-8,3230130,18701
2020-12-9,3244398,14268
2020-12-10,3269682,25284
2020-12-11,3292575,22893
2020-12-12,3314288,21713
2020-12-13,3333657,19369
2020-12-14,3350253,16596
2020-12-15,3365969,15716
2020-12-16,3381644,15675
2020-12-17,3407160,25516
2020-12-18,3431791,24631
2020-12-19,3451230,19439
2020-12-20,3464447,13217
2020-12-21,3482832,18385
2020-12-22,3496171,13339
2020-12-23,3513613,17442
2020-12-24,3535936,22323
2020-12-25,3555031,19095
2020-12-26,3568549,13518
2020-12-27,3576638,8089
2020-12-28,3583787,7149
2020-12-29,3599869,16082
2020-12-30,3618339,18470
2020-12-31,3638238,19899
2021-1-1,3665980,27742
2021-1-2,3679665,13685
2021-1-3,3691231,11566
2021-1-4,3697356,6125
2021-1-5,3711328,13972
2021-1-6,3724603,13275
2021-1-7,3747390,22787
2021-1-8,3773583,26193
2021-1-9,3798436,24853
2021-1-10,3819153,20717
2021-1-11,3830281,11128
2021-1-12,3844238,13957
2021-1-13,3859023,14785
2021-1-14,3882097,23074
2021-1-15,3903116,21019
2021-1-16,3920745,17629
2021-1-17,3933456,12711
2021-1-18,3947197,13741
2021-1-19,3959087,11890
2021-1-20,3972789,13702
2021-1-21,3993440,20651
2021-1-22,4013031,19591
2021-1-23,4031558,18527
2021-1-24,4051388,19830
2021-1-25,4060435,9047
2021-1-26,4071261,10826
2021-1-27,4086146,14885
2021-1-28,4106829,20683
2021-1-29,4128988,22159
2021-1-30,4143475,14487
2021-1-31,4156792,13317
2021-2-1,4165512,8720
2021-2-2,4173283,7771
2021-2-3,4185641,12358
2021-2-4,4203201,17560
2021-2-5,4223347,20146
2021-2-6,4237855,14508
2021-2-7,4249531,11676
2021-2-8,4256838,7307
2021-2-9,4265085,8247
2021-2-10,4276558,11473
2021-2-11,4294645,18087
2021-2-12,4311062,16417
2021-2-13,4321174,10112
2021-2-14,4331743,10569
2021-2-15,4338009,6266
2021-2-16,4343306,5297
2021-2-17,4350392,7086
2021-2-18,4359840,9448
2021-2-19,4373021,13181
2021-2-20,4384973,11952
2021-2-21,4395885,10912
2021-2-22,4403835,7950
2021-2-23,4411010,7175
2021-2-24,4422930,11920
2021-2-25,4445341,22411
2021-2-26,4459175,13834
2021-2-27,4472822,13647
2021-2-28,4482293,9471
2021-3-1,4490001,7708
2021-3-2,4497905,7904
2021-3-3,4508176,10271
2021-3-4,4524474,16298
2021-3-5,4541067,16593
2021-3-6,4555207,14140
2021-3-7,4565866,10659
