Date,NCDATA.TotalTestResults,NCDATA.TotalTestResultsInc
2020-3-4,0,0
2020-3-5,0,0
2020-3-6,0,0
2020-3-7,0,0
2020-3-8,0,0
2020-3-9,0,0
2020-3-10,0,0
2020-3-11,0,0
2020-3-12,0,0
2020-3-13,0,0
2020-3-14,0,0
2020-3-15,0,0
2020-3-16,0,0
2020-3-17,936,936
2020-3-18,1231,295
2020-3-19,1436,205
2020-3-20,3132,1696
2020-3-21,4075,943
2020-3-22,6267,2192
2020-3-23,7656,1389
2020-3-24,9819,2163
2020-3-25,10348,529
2020-3-26,12794,2446
2020-3-27,15587,2793
2020-3-28,18254,2667
2020-3-29,21164,2910
2020-3-30,22802,1638
2020-3-31,24884,2082
2020-4-1,27671,2787
2020-4-2,31106,3435
2020-4-3,33989,2883
2020-4-4,37393,3404
2020-4-5,45022,7629
2020-4-6,46365,1343
2020-4-7,47217,852
2020-4-8,48130,913
2020-4-9,50561,2431
2020-4-10,55823,5262
2020-4-11,66034,10211
2020-4-12,68909,2875
2020-4-13,76908,7999
2020-4-14,78206,1298
2020-4-15,80174,1968
2020-4-16,83389,3215
2020-4-17,86965,3576
2020-4-18,89437,2472
2020-4-19,93037,3600
2020-4-20,95629,2592
2020-4-21,96402,773
2020-4-22,100922,4520
2020-4-23,108718,7796
2020-4-24,115124,6406
2020-4-25,119912,4788
2020-4-26,125210,5298
2020-4-27,128195,2985
2020-4-28,130329,2134
2020-4-29,134080,3751
2020-4-30,139398,5318
2020-5-1,145996,6598
2020-5-2,151486,5490
2020-5-3,157447,5961
2020-5-4,162649,5202
2020-5-5,165350,2701
2020-5-6,171322,5972
2020-5-7,180652,9330
2020-5-8,187523,6871
2020-5-9,195440,7917
2020-5-10,202897,7457
2020-5-11,208215,5318
2020-5-12,210956,2741
2020-5-13,217642,6686
2020-5-14,225561,7919
2020-5-15,234878,9317
2020-5-16,248801,13923
2020-5-17,259509,10708
2020-5-18,269017,9508
2020-5-19,277414,8397
2020-5-20,286061,8647
2020-5-21,298374,12313
2020-5-22,308559,10185
2020-5-23,320388,11829
2020-5-24,329434,9046
2020-5-25,336588,7154
2020-5-26,344336,7748
2020-5-27,347907,3571
2020-5-28,359480,11573
2020-5-29,369596,10116
2020-5-30,386302,16706
2020-5-31,398280,11978
2020-6-1,412211,13931
2020-6-2,416763,4552
2020-6-3,429076,12313
2020-6-4,442042,12966
2020-6-5,460788,18746
2020-6-6,473709,12921
2020-6-7,489499,15790
2020-6-8,502428,12929
2020-6-9,511754,9326
2020-6-10,527473,15719
2020-6-11,542829,15356
2020-6-12,562300,19471
2020-6-13,584426,22126
2020-6-14,600475,16049
2020-6-15,614016,13541
2020-6-16,626710,12694
2020-6-17,640436,13726
2020-6-18,657507,17071
2020-6-19,678919,21412
2020-6-20,703296,24377
2020-6-21,718696,15400
2020-6-22,736825,18129
2020-6-23,748078,11253
2020-6-24,763791,15713
2020-6-25,782318,18527
2020-6-26,803556,21238
2020-6-27,822705,19149
2020-6-28,843116,20411
2020-6-29,860664,17548
2020-6-30,877038,16374
2020-7-1,895499,18461
2020-7-2,917410,21911
2020-7-3,938884,21474
2020-7-4,959293,20409
2020-7-5,976201,16908
2020-7-6,995086,18885
2020-7-7,1012215,17129
2020-7-8,1027036,14821
2020-7-9,1045374,18338
2020-7-10,1069034,23660
2020-7-11,1091314,22280
2020-7-12,1115797,24483
2020-7-13,1142819,27022
2020-7-14,1161693,18874
2020-7-15,1184886,23193
2020-7-16,1208018,23132
2020-7-17,1230289,22271
2020-7-18,1258509,28220
2020-7-19,1284308,25799
2020-7-20,1308748,24440
2020-7-21,1329859,21111
2020-7-22,1349841,19982
2020-7-23,1375493,25652
2020-7-24,1402141,26648
2020-7-25,1424254,22113
2020-7-26,1448133,23879
2020-7-27,1473775,25642
2020-7-28,1492513,18738
2020-7-29,1512939,20426
2020-7-30,1538114,25175
2020-7-31,1563552,25438
2020-8-1,1587499,23947
2020-8-2,1610590,23091
2020-8-3,1634070,23480
2020-8-4,1653810,19740
2020-8-5,1665423,11613
2020-8-6,1684981,19558
2020-8-7,1708450,23469
2020-8-8,1730290,21840
2020-8-9,1751321,21031
2020-8-10,1770503,19182
2020-8-11,1787640,17137
2020-8-12,1803344,15704
2020-8-13,1830059,26715
2020-8-14,1860127,30068
2020-8-15,1882983,22856
2020-8-16,1908635,25652
2020-8-17,1931656,23021
2020-8-18,1945518,13862
2020-8-19,1956411,10893
2020-8-20,1982150,25739
2020-8-21,2008172,26022
2020-8-22,2033933,25761
2020-8-23,2058837,24904
2020-8-24,2083006,24169
2020-8-25,2096126,13120
2020-8-26,2111046,14920
2020-8-27,2142178,31132
2020-8-28,2177899,35721
2020-8-29,2212770,34871
2020-8-30,2243749,30979
2020-8-31,2268793,25044
2020-9-1,2287415,18622
2020-9-2,2302480,15065
2020-9-3,2331367,28887
2020-9-4,2368246,36879
2020-9-5,2400868,32622
2020-9-6,2429647,28779
2020-9-7,2454856,25209
2020-9-8,2470106,15250
2020-9-9,2480727,10621
2020-9-10,2496263,15536
2020-9-11,2530135,33872
2020-9-12,2568816,38681
2020-9-13,2602183,33367
2020-9-14,2628386,26203
2020-9-15,2646728,18342
2020-9-16,2662357,15629
2020-9-17,2690863,28506
2020-9-18,2728470,37607
2020-9-19,2762911,34441
2020-9-20,2790314,27403
2020-9-21,2814993,24679
2020-9-22,2830994,16001
2020-9-23,2843328,12334
2020-9-24,2871507,28179
2020-9-25,2909577,38070
2020-9-26,2945386,35809
2020-9-27,2976678,31292
2020-9-28,3002591,25913
2020-9-29,3016380,13789
2020-9-30,3030055,13675
2020-10-1,3058629,28574
2020-10-2,3098503,39874
2020-10-3,3133929,35426
2020-10-4,3165818,31889
2020-10-5,3192516,26698
2020-10-6,3210310,17794
2020-10-7,3227198,16888
2020-10-8,3260626,33428
2020-10-9,3300638,40012
2020-10-10,3341821,41183
2020-10-11,3378041,36220
2020-10-12,3410281,32240
2020-10-13,3431640,21359
2020-10-14,3452177,20537
2020-10-15,3485026,32849
2020-10-16,3526194,41168
2020-10-17,3566257,40063
2020-10-18,3599871,33614
2020-10-19,3632454,32583
2020-10-20,3655573,23119
2020-10-21,3672176,16603
2020-10-22,3706914,34738
2020-10-23,3751895,44981
2020-10-24,3790617,38722
2020-10-25,3827249,36632
2020-10-26,3857278,30029
2020-10-27,3882328,25050
2020-10-28,3903917,21589
2020-10-29,3940586,36669
2020-10-30,3983645,43059
2020-10-31,4025732,42087
2020-11-1,4062923,37191
2020-11-2,4095672,32749
2020-11-3,4121813,26141
2020-11-4,4144314,22501
2020-11-5,4184950,40636
2020-11-6,4230191,45241
2020-11-7,4272137,41946
2020-11-8,4310365,38228
2020-11-9,4344103,33738
2020-11-10,4369833,25730
2020-11-11,4395812,25979
2020-11-12,4433680,37868
2020-11-13,4477101,43421
2020-11-14,4521717,44616
2020-11-15,4560187,38470
2020-11-16,4594924,34737
2020-11-17,4623638,28714
2020-11-18,4654490,30852
2020-11-19,4700342,45852
2020-11-20,4750277,49935
2020-11-21,4803616,53339
2020-11-22,4854135,50519
2020-11-23,4896217,42082
2020-11-24,4936308,40091
2020-11-25,4982620,46312
2020-11-26,5027986,45366
2020-11-27,5089455,61469
2020-11-28,5129863,40408
2020-11-29,5169025,39162
2020-11-30,5203379,34354
2020-12-1,5226292,22913
2020-12-2,5252392,26100
2020-12-3,5299428,47036
2020-12-4,5352128,52700
2020-12-5,5408609,56481
2020-12-6,5459687,51078
2020-12-7,5508871,49184
2020-12-8,5546995,38124
2020-12-9,5587556,40561
2020-12-10,5639915,52359
2020-12-11,5703416,63501
2020-12-12,5763195,59779
2020-12-13,5818033,54838
2020-12-14,5862498,44465
2020-12-15,5898630,36132
2020-12-16,5932399,33769
2020-12-17,5985959,53560
2020-12-18,6054989,69030
2020-12-19,6124882,69893
2020-12-20,6186228,61346
2020-12-21,6238603,52375
2020-12-22,6274460,35857
2020-12-23,6318737,44277
2020-12-24,6376650,57913
2020-12-25,6452744,76094
2020-12-26,6505990,53246
2020-12-27,6541776,35786
2020-12-28,6559078,17302
2020-12-29,6578775,19697
2020-12-30,6609303,30528
2020-12-31,6668325,59022
2021-1-1,6741248,72923
2021-1-2,6807491,66243
2021-1-3,6852652,45161
2021-1-4,6890572,37920
2021-1-5,6915111,24539
2021-1-6,6955559,40448
2021-1-7,7019613,64054
2021-1-8,7093220,73607
2021-1-9,7158994,65774
2021-1-10,7226838,67844
2021-1-11,7286664,59826
2021-1-12,7316817,30153
2021-1-13,7357923,41106
2021-1-14,7426166,68243
2021-1-15,7496094,69928
2021-1-16,7567175,71081
2021-1-17,7637008,69833
2021-1-18,7692852,55844
2021-1-19,7724213,31361
2021-1-20,7762095,37882
2021-1-21,7818538,56443
2021-1-22,7888392,69854
2021-1-23,7944482,56090
2021-1-24,8000387,55905
2021-1-25,8051007,50620
2021-1-26,8075827,24820
2021-1-27,8110885,35058
2021-1-28,8173316,62431
2021-1-29,8243508,70192
2021-1-30,8299263,55755
2021-1-31,8356118,56855
2021-2-1,8401409,45291
2021-2-2,8422860,21451
2021-2-3,8451902,29042
2021-2-4,8510848,58946
2021-2-5,8571543,60695
2021-2-6,8626106,54563
2021-2-7,8679100,52994
2021-2-8,8719552,40452
2021-2-9,8743793,24241
2021-2-10,8773463,29670
2021-2-11,8829215,55752
2021-2-12,8889330,60115
2021-2-13,8936233,46903
2021-2-14,8982818,46585
2021-2-15,9014446,31628
2021-2-16,9036318,21872
2021-2-17,9058420,22102
2021-2-18,9105676,47256
2021-2-19,9149998,44322
2021-2-20,9191745,41747
2021-2-21,9226700,34955
2021-2-22,9262399,35699
2021-2-23,9283137,20738
2021-2-24,9310743,27606
2021-2-25,9361775,51032
2021-2-26,9422466,60691
2021-2-27,9463409,40943
2021-2-28,9499985,36576
2021-3-1,9525274,25289
2021-3-2,9541671,16397
2021-3-3,9561647,19976
2021-3-4,9605697,44050
2021-3-5,9650184,44487
2021-3-6,9688838,38654
2021-3-7,9688838,0
