Date,NJDATA.TotalTestResults,NJDATA.TotalTestResultsInc
2020-2-10,0,0
2020-2-11,0,0
2020-2-12,0,0
2020-2-13,0,0
2020-2-14,0,0
2020-2-15,0,0
2020-2-16,0,0
2020-2-17,0,0
2020-2-18,0,0
2020-2-19,0,0
2020-2-20,0,0
2020-2-21,0,0
2020-2-22,0,0
2020-2-23,0,0
2020-2-24,0,0
2020-2-25,0,0
2020-2-26,0,0
2020-2-27,0,0
2020-2-28,0,0
2020-2-29,0,0
2020-3-1,0,0
2020-3-2,0,0
2020-3-3,0,0
2020-3-4,0,0
2020-3-5,2,2
2020-3-6,4,2
2020-3-7,4,0
2020-3-8,37,33
2020-3-9,50,13
2020-3-10,60,10
2020-3-11,80,20
2020-3-12,106,26
2020-3-13,154,48
2020-3-14,175,21
2020-3-15,218,43
2020-3-16,298,80
2020-3-17,430,132
2020-3-18,619,189
2020-3-19,952,333
2020-3-20,1154,202
2020-3-21,1621,467
2020-3-22,2241,620
2020-3-23,3203,962
2020-3-24,12000,8797
2020-3-25,14854,2854
2020-3-26,20537,5683
2020-3-27,25372,4835
2020-3-28,30510,5138
2020-3-29,35602,5092
2020-3-30,41860,6258
2020-3-31,45773,3913
2020-4-1,52642,6869
2020-4-2,59110,6468
2020-4-3,67503,8393
2020-4-4,75356,7853
2020-4-5,82166,6810
2020-4-6,89032,6866
2020-4-7,94974,5942
2020-4-8,100416,5442
2020-4-9,107192,6776
2020-4-10,113523,6331
2020-4-11,120193,6670
2020-4-12,126735,6542
2020-4-13,129469,2734
2020-4-14,139774,10305
2020-4-15,144021,4247
2020-4-16,151830,7809
2020-4-17,157449,5619
2020-4-18,162536,5087
2020-4-19,170688,8152
2020-4-20,178057,7369
2020-4-21,184826,6769
2020-4-22,191659,6833
2020-4-23,200148,8489
2020-4-24,205962,5814
2020-4-25,213686,7724
2020-4-26,223144,9458
2020-4-27,227775,4631
2020-4-28,234359,6584
2020-4-29,241318,6959
2020-4-30,247918,6600
2020-5-1,256545,8627
2020-5-2,262326,5781
2020-5-3,275084,12758
2020-5-4,277239,2155
2020-5-5,287650,10411
2020-5-6,288958,1308
2020-5-7,292700,3742
2020-5-8,298809,6109
2020-5-9,305271,6462
2020-5-10,312522,7251
2020-5-11,426010,113488
2020-5-12,433152,7142
2020-5-13,441558,8406
2020-5-14,451817,10259
2020-5-15,463111,11294
2020-5-16,475376,12265
2020-5-17,487723,12347
2020-5-18,505734,18011
2020-5-19,520361,14627
2020-5-20,531541,11180
2020-5-21,544499,12958
2020-5-22,555557,11058
2020-5-23,579003,23446
2020-5-24,604080,25077
2020-5-25,624075,19995
2020-5-26,636174,12099
2020-5-27,660623,24449
2020-5-28,686172,25549
2020-5-29,716747,30575
2020-5-30,745658,28911
2020-5-31,746504,846
2020-6-1,795960,49456
2020-6-2,818050,22090
2020-6-3,837824,19774
2020-6-4,858151,20327
2020-6-5,919329,61178
2020-6-6,943473,24144
2020-6-7,960891,17418
2020-6-8,975563,14672
2020-6-9,989986,14423
2020-6-10,1009440,19454
2020-6-11,1031315,21875
2020-6-12,1055943,24628
2020-6-13,1078781,22838
2020-6-14,1098196,19415
2020-6-15,1116671,18475
2020-6-16,1132392,15721
2020-6-17,1148481,16089
2020-6-18,1172398,23917
2020-6-19,1195028,22630
2020-6-20,1219587,24559
2020-6-21,1245698,26111
2020-6-22,1268143,22445
2020-6-23,1284227,16084
2020-6-24,1300459,16232
2020-6-25,1321744,21285
2020-6-26,1347537,25793
2020-6-27,1368139,20602
2020-6-28,1388744,20605
2020-6-29,1404911,16167
2020-6-30,1423344,18433
2020-7-1,1443945,20601
2020-7-2,1464961,21016
2020-7-3,1486598,21637
2020-7-4,1509677,23079
2020-7-5,1535782,26105
2020-7-6,1550375,14593
2020-7-7,1561338,10963
2020-7-8,1579107,17769
2020-7-9,1600718,21611
2020-7-10,1624510,23792
2020-7-11,1662672,38162
2020-7-12,1687031,24359
2020-7-13,1701846,14815
2020-7-14,1722754,20908
2020-7-15,1743920,21166
2020-7-16,1761525,17605
2020-7-17,1770598,9073
2020-7-18,1783165,12567
2020-7-19,1792876,9711
2020-7-20,1804634,11758
2020-7-21,1819775,15141
2020-7-22,1842803,23028
2020-7-23,1861564,18761
2020-7-24,1889614,28050
2020-7-25,1890168,554
2020-7-26,1955334,65166
2020-7-27,1985914,30580
2020-7-28,1986420,506
2020-7-29,2044851,58431
2020-7-30,2061768,16917
2020-7-31,2098570,36802
2020-8-1,2098996,426
2020-8-2,2148212,49216
2020-8-3,2166943,18731
2020-8-4,2167347,404
2020-8-5,2189464,22117
2020-8-6,2232736,43272
2020-8-7,2255326,22590
2020-8-8,2255369,43
2020-8-9,2304451,49082
2020-8-10,2326665,22214
2020-8-11,2352976,26311
2020-8-12,2378713,25737
2020-8-13,2406440,27727
2020-8-14,2432625,26185
2020-8-15,2464212,31587
2020-8-16,2493052,28840
2020-8-17,2513962,20910
2020-8-18,2535686,21724
2020-8-19,2560706,25020
2020-8-20,2588242,27536
2020-8-21,2618762,30520
2020-8-22,2651850,33088
2020-8-23,2652132,282
2020-8-24,2679979,27847
2020-8-25,2701115,21136
2020-8-26,2724845,23730
2020-8-27,2752150,27305
2020-8-28,2752549,399
2020-8-29,2811146,58597
2020-8-30,2839756,28610
2020-8-31,2861363,21607
2020-9-1,2862543,1180
2020-9-2,2905805,43262
2020-9-3,2933596,27791
2020-9-4,2968347,34751
2020-9-5,2968731,384
2020-9-6,3006031,37300
2020-9-7,3058280,52249
2020-9-8,3074529,16249
2020-9-9,3095000,20471
2020-9-10,3117571,22571
2020-9-11,3144753,27182
2020-9-12,3145257,504
2020-9-13,3172579,27322
2020-9-14,3194053,21474
2020-9-15,3216447,22394
2020-9-16,3239165,22718
2020-9-17,3270078,30913
2020-9-18,3296240,26162
2020-9-19,3296750,510
2020-9-20,3357200,60450
2020-9-21,3357635,435
2020-9-22,3402185,44550
2020-9-23,3427365,25180
2020-9-24,3456502,29137
2020-9-25,3483488,26986
2020-9-26,3517424,33936
2020-9-27,3518184,760
2020-9-28,3571282,53098
2020-9-29,3571833,551
2020-9-30,3618215,46382
2020-10-1,3618931,716
2020-10-2,3677510,58579
2020-10-3,3678555,1045
2020-10-4,3739650,61095
2020-10-5,3763682,24032
2020-10-6,3764402,720
2020-10-7,3787637,23235
2020-10-8,3848608,60971
2020-10-9,3885047,36439
2020-10-10,3920206,35159
2020-10-11,3921053,847
2020-10-12,3977962,56909
2020-10-13,3979107,1145
2020-10-14,4043592,64485
2020-10-15,4077290,33698
2020-10-16,4108522,31232
2020-10-17,4143149,34627
2020-10-18,4144579,1430
2020-10-19,4225392,80813
2020-10-20,4243234,17842
2020-10-21,4272328,29094
2020-10-22,4306099,33771
2020-10-23,4346742,40643
2020-10-24,4348948,2206
2020-10-25,4395214,46266
2020-10-26,4464845,69631
2020-10-27,4494858,30013
2020-10-28,4534005,39147
2020-10-29,4583348,49343
2020-10-30,4585746,2398
2020-10-31,4667733,81987
2020-11-1,4669859,2126
2020-11-2,4734234,64375
2020-11-3,4779673,45439
2020-11-4,4782714,3041
2020-11-5,4832289,49575
2020-11-6,4878284,45995
2020-11-7,4979076,100792
2020-11-8,4981570,2494
2020-11-9,5053709,72139
2020-11-10,5058144,4435
2020-11-11,5102541,44397
2020-11-12,5143091,40550
2020-11-13,5188350,45259
2020-11-14,5230463,42113
2020-11-15,5359310,128847
2020-11-16,5362044,2734
2020-11-17,5396155,34111
2020-11-18,5488328,92173
2020-11-19,5493199,4871
2020-11-20,5541268,48069
2020-11-21,5591493,50225
2020-11-22,5645773,54280
2020-11-23,5700349,54576
2020-11-24,5751358,51009
2020-11-25,5853831,102473
2020-11-26,5858991,5160
2020-11-27,5863488,4497
2020-11-28,5971893,108405
2020-11-29,5976392,4499
2020-11-30,6116090,139698
2020-12-1,6121533,5443
2020-12-2,6164877,43344
2020-12-3,6208889,44012
2020-12-4,6215315,6426
2020-12-5,6314323,99008
2020-12-6,6320955,6632
2020-12-7,6325092,4137
2020-12-8,6384905,59813
2020-12-9,6524772,139867
2020-12-10,6574682,49910
2020-12-11,6624624,49942
2020-12-12,6631512,6888
2020-12-13,6636223,4711
2020-12-14,6825991,189768
2020-12-15,6910414,84423
2020-12-16,6986351,75937
2020-12-17,6991262,4911
2020-12-18,7137646,146384
2020-12-19,7142505,4859
2020-12-20,7148236,5731
2020-12-21,7339203,190967
2020-12-22,7344469,5266
2020-12-23,7392671,48202
2020-12-24,7444011,51340
2020-12-25,7506560,62549
2020-12-26,7510891,4331
2020-12-27,7513786,2895
2020-12-28,7705189,191403
2020-12-29,7741907,36718
2020-12-30,7747137,5230
2020-12-31,7785400,38263
2021-1-1,7842756,57356
2021-1-2,7848555,5799
2021-1-3,7852643,4088
2021-1-4,7855001,2358
2021-1-5,8067673,212672
2021-1-6,8113523,45850
2021-1-7,8121062,7539
2021-1-8,8174052,52990
2021-1-9,8240865,66813
2021-1-10,8246511,5646
2021-1-11,8251845,5334
2021-1-12,8469406,217561
2021-1-13,8477286,7880
2021-1-14,8534237,56951
2021-1-15,8676802,142565
2021-1-16,8682801,5999
2021-1-17,8687933,5132
2021-1-18,8691786,3853
2021-1-19,8865291,173505
2021-1-20,8951817,86526
2021-1-21,8956866,5049
2021-1-22,9006944,50078
2021-1-23,9053215,46271
2021-1-24,9058487,5272
2021-1-25,9062630,4143
2021-1-26,9251821,189191
2021-1-27,9295008,43187
2021-1-28,9341031,46023
2021-1-29,9398414,57383
2021-1-30,9403688,5274
2021-1-31,9407974,4286
2021-2-1,9567658,159684
2021-2-2,9570808,3150
2021-2-3,9603984,33176
2021-2-4,9627805,23821
2021-2-5,9662239,34434
2021-2-6,9716746,54507
2021-2-7,9721078,4332
2021-2-8,9723639,2561
2021-2-9,9912257,188618
2021-2-10,9916627,4370
2021-2-11,9957129,40502
2021-2-12,10007798,50669
2021-2-13,10077534,69736
2021-2-14,10079702,2168
2021-2-15,10081147,1445
2021-2-16,10084780,3633
2021-2-17,10164436,79656
2021-2-18,10261115,96679
2021-2-19,10327680,66565
2021-2-20,10330556,2876
2021-2-21,10332587,2031
2021-2-22,10335291,2704
2021-2-23,10446752,111461
2021-2-24,10487491,40739
2021-2-25,10535018,47527
2021-2-26,10590500,55482
2021-2-27,10655049,64549
2021-2-28,10657438,2389
2021-3-1,10660578,3140
2021-3-2,10779311,118733
2021-3-3,10895827,116516
2021-3-4,10899020,3193
2021-3-5,10993311,94291
2021-3-6,10997031,3720
2021-3-7,10999550,2519
