Date,NVDATA.TotalTestResults,NVDATA.TotalTestResultsInc
2020-3-5,32,0
2020-3-6,48,16
2020-3-7,73,25
2020-3-8,103,30
2020-3-9,126,23
2020-3-10,201,75
2020-3-11,308,107
2020-3-12,454,146
2020-3-13,801,347
2020-3-14,1245,444
2020-3-15,1669,424
2020-3-16,2077,408
2020-3-17,2990,913
2020-3-18,4046,1056
2020-3-19,5019,973
2020-3-20,5865,846
2020-3-21,6753,888
2020-3-22,7241,488
2020-3-23,7550,309
2020-3-24,8272,722
2020-3-25,9117,845
2020-3-26,10175,1058
2020-3-27,11365,1190
2020-3-28,12561,1196
2020-3-29,13121,560
2020-3-30,13576,455
2020-3-31,14826,1250
2020-4-1,16075,1249
2020-4-2,17623,1548
2020-4-3,18899,1276
2020-4-4,20357,1458
2020-4-5,21206,849
2020-4-6,21742,536
2020-4-7,23070,1328
2020-4-8,24151,1081
2020-4-9,25396,1245
2020-4-10,26537,1141
2020-4-11,27776,1239
2020-4-12,28591,815
2020-4-13,28978,387
2020-4-14,30241,1263
2020-4-15,31276,1035
2020-4-16,32746,1470
2020-4-17,33881,1135
2020-4-18,35197,1316
2020-4-19,36007,810
2020-4-20,36465,458
2020-4-21,37826,1361
2020-4-22,40315,2489
2020-4-23,41357,1042
2020-4-24,42274,917
2020-4-25,43390,1116
2020-4-26,44108,718
2020-4-27,44607,499
2020-4-28,46089,1482
2020-4-29,47354,1265
2020-4-30,48928,1574
2020-5-1,50472,1544
2020-5-2,52351,1879
2020-5-3,53438,1087
2020-5-4,54359,921
2020-5-5,56400,2041
2020-5-6,59093,2693
2020-5-7,61661,2568
2020-5-8,65441,3780
2020-5-9,69240,3799
2020-5-10,71496,2256
2020-5-11,72724,1228
2020-5-12,79043,6319
2020-5-13,85951,6908
2020-5-14,92181,6230
2020-5-15,98902,6721
2020-5-16,106263,7361
2020-5-17,110164,3901
2020-5-18,112789,2625
2020-5-19,119054,6265
2020-5-20,126109,7055
2020-5-21,134021,7912
2020-5-22,141262,7241
2020-5-23,148277,7015
2020-5-24,151052,2775
2020-5-25,152341,1289
2020-5-26,154140,1799
2020-5-27,160590,6450
2020-5-28,168803,8213
2020-5-29,175450,6647
2020-5-30,183373,7923
2020-5-31,187248,3875
2020-6-1,188247,999
2020-6-2,193701,5454
2020-6-3,200503,6802
2020-6-4,205972,5469
2020-6-5,211148,5176
2020-6-6,216694,5546
2020-6-7,219754,3060
2020-6-8,220746,992
2020-6-9,226238,5492
2020-6-10,233312,7074
2020-6-11,239587,6275
2020-6-12,244346,4759
2020-6-13,249534,5188
2020-6-14,252007,2473
2020-6-15,253390,1383
2020-6-16,257719,4329
2020-6-17,262952,5233
2020-6-18,270046,7094
2020-6-19,276716,6670
2020-6-20,283084,6368
2020-6-21,286700,3616
2020-6-22,288363,1663
2020-6-23,294616,6253
2020-6-24,303151,8535
2020-6-25,311949,8798
2020-6-26,320472,8523
2020-6-27,330278,9806
2020-6-28,336695,6417
2020-6-29,339414,2719
2020-6-30,349209,9795
2020-7-1,361694,12485
2020-7-2,373157,11463
2020-7-3,385234,12077
2020-7-4,390307,5073
2020-7-5,392263,1956
2020-7-6,395211,2948
2020-7-7,408026,12815
2020-7-8,420323,12297
2020-7-9,434217,13894
2020-7-10,446609,12392
2020-7-11,461263,14654
2020-7-12,469636,8373
2020-7-13,472288,2652
2020-7-14,481966,9678
2020-7-15,495678,13712
2020-7-16,509699,14021
2020-7-17,522482,12783
2020-7-18,536657,14175
2020-7-19,543833,7176
2020-7-20,546553,2720
2020-7-21,555374,8821
2020-7-22,567180,11806
2020-7-23,579242,12062
2020-7-24,589823,10581
2020-7-25,600129,10306
2020-7-26,605594,5465
2020-7-27,608138,2544
2020-7-28,617087,8949
2020-7-29,625843,8756
2020-7-30,634438,8595
2020-7-31,642189,7751
2020-8-1,649784,7595
2020-8-2,652849,3065
2020-8-3,654894,2045
2020-8-4,662997,8103
2020-8-5,671522,8525
2020-8-6,680168,8646
2020-8-7,687621,7453
2020-8-8,695752,8131
2020-8-9,699900,4148
2020-8-10,701885,1985
2020-8-11,708805,6920
2020-8-12,717575,8770
2020-8-13,726658,9083
2020-8-14,734982,8324
2020-8-15,742932,7950
2020-8-16,747378,4446
2020-8-17,749971,2593
2020-8-18,758251,8280
2020-8-19,767996,9745
2020-8-20,775720,7724
2020-8-21,782167,6447
2020-8-22,788799,6632
2020-8-23,792578,3779
2020-8-24,794147,1569
2020-8-25,799765,5618
2020-8-26,807391,7626
2020-8-27,813890,6499
2020-8-28,820159,6269
2020-8-29,825850,5691
2020-8-30,829352,3502
2020-8-31,830862,1510
2020-9-1,838627,7765
2020-9-2,847175,8548
2020-9-3,856086,8911
2020-9-4,864696,8610
2020-9-5,871821,7125
2020-9-6,876355,4534
2020-9-7,877813,1458
2020-9-8,880393,2580
2020-9-9,891310,10917
2020-9-10,898862,7552
2020-9-11,905905,7043
2020-9-12,912914,7009
2020-9-13,916029,3115
2020-9-14,917748,1719
2020-9-15,926326,8578
2020-9-16,935072,8746
2020-9-17,943167,8095
2020-9-18,950955,7788
2020-9-19,958201,7246
2020-9-20,961371,3170
2020-9-21,963475,2104
2020-9-22,971181,7706
2020-9-23,981810,10629
2020-9-24,990172,8362
2020-9-25,997075,6903
2020-9-26,1004513,7438
2020-9-27,1007988,3475
2020-9-28,1010266,2278
2020-9-29,1017298,7032
2020-9-30,1026287,8989
2020-10-1,1032653,6366
2020-10-2,1041566,8913
2020-10-3,1048907,7341
2020-10-4,1053674,4767
2020-10-5,1056059,2385
2020-10-6,1063694,7635
2020-10-7,1074720,11026
2020-10-8,1082722,8002
2020-10-9,1092036,9314
2020-10-10,1100315,8279
2020-10-11,1105227,4912
2020-10-12,1107492,2265
2020-10-13,1114916,7424
2020-10-14,1124508,9592
2020-10-15,1133788,9280
2020-10-16,1142263,8475
2020-10-17,1150423,8160
2020-10-18,1154653,4230
2020-10-19,1156001,1348
2020-10-20,1156029,28
2020-10-21,1165414,9385
2020-10-22,1175414,10000
2020-10-23,1185069,9655
2020-10-24,1196111,11042
2020-10-25,1204746,8635
2020-10-26,1212437,7691
2020-10-27,1220443,8006
2020-10-28,1227689,7246
2020-10-29,1231112,3423
2020-10-30,1242709,11597
2020-10-31,1253083,10374
2020-11-1,1263183,10100
2020-11-2,1270643,7460
2020-11-3,1277944,7301
2020-11-4,1286206,8262
2020-11-5,1299121,12915
2020-11-6,1312492,13371
2020-11-7,1326378,13886
2020-11-8,1335632,9254
2020-11-9,1344308,8676
2020-11-10,1352746,8438
2020-11-11,1362884,10138
2020-11-12,1375669,12785
2020-11-13,1388286,12617
2020-11-14,1413453,25167
2020-11-15,1426082,12629
2020-11-16,1435791,9709
2020-11-17,1447823,12032
2020-11-18,1454741,6918
2020-11-19,1471764,17023
2020-11-20,1478163,6399
2020-11-21,1507064,28901
2020-11-22,1520545,13481
2020-11-23,1536076,15531
2020-11-24,1558626,22550
2020-11-25,1574257,15631
2020-11-26,1592915,18658
2020-11-27,1607005,14090
2020-11-28,1622816,15811
2020-11-29,1627306,4490
2020-11-30,1638099,10793
2020-12-1,1653858,15759
2020-12-2,1664999,11141
2020-12-3,1682758,17759
2020-12-4,1696894,14136
2020-12-5,1718547,21653
2020-12-6,1733263,14716
2020-12-7,1747116,13853
2020-12-8,1759106,11990
2020-12-9,1773401,14295
2020-12-10,1787862,14461
2020-12-11,1795433,7571
2020-12-12,1813755,18322
2020-12-13,1829214,15459
2020-12-14,1845307,16093
2020-12-15,1866845,21538
2020-12-16,1885929,19084
2020-12-17,1900403,14474
2020-12-18,1916048,15645
2020-12-19,1931053,15005
2020-12-20,1941048,9995
2020-12-21,1959658,18610
2020-12-22,1968619,8961
2020-12-23,1984938,16319
2020-12-24,2003596,18658
2020-12-25,2013939,10343
2020-12-26,2030683,16744
2020-12-27,2039790,9107
2020-12-28,2047364,7574
2020-12-29,2057266,9902
2020-12-30,2068519,11253
2020-12-31,2081954,13435
2021-1-1,2095778,13824
2021-1-2,2111559,15781
2021-1-3,2122793,11234
2021-1-4,2140442,17649
2021-1-5,2150738,10296
2021-1-6,2162129,11391
2021-1-7,2180031,17902
2021-1-8,2198483,18452
2021-1-9,2210776,12293
2021-1-10,2223317,12541
2021-1-11,2235084,11767
2021-1-12,2254748,19664
2021-1-13,2268691,13943
2021-1-14,2289156,20465
2021-1-15,2304127,14971
2021-1-16,2317860,13733
2021-1-17,2329676,11816
2021-1-18,2339272,9596
2021-1-19,2350428,11156
2021-1-20,2362512,12084
2021-1-21,2381783,19271
2021-1-22,2395142,13359
2021-1-23,2409727,14585
2021-1-24,2419035,9308
2021-1-25,2427440,8405
2021-1-26,2436985,9545
2021-1-27,2445386,8401
2021-1-28,2456188,10802
2021-1-29,2468681,12493
2021-1-30,2479193,10512
2021-1-31,2488049,8856
2021-2-1,2496070,8021
2021-2-2,2503320,7250
2021-2-3,2511160,7840
2021-2-4,2522551,11391
2021-2-5,2531886,9335
2021-2-6,2542294,10408
2021-2-7,2550066,7772
2021-2-8,2557768,7702
2021-2-9,2563980,6212
2021-2-10,2572945,8965
2021-2-11,2582839,9894
2021-2-12,2590646,7807
2021-2-13,2604210,13564
2021-2-14,2612420,8210
2021-2-15,2618806,6386
2021-2-16,2626777,7971
2021-2-17,2634991,8214
2021-2-18,2642893,7902
2021-2-19,2650086,7193
2021-2-20,2656833,6747
2021-2-21,2662867,6034
2021-2-22,2667800,4933
2021-2-23,2678249,10449
2021-2-24,2686592,8343
2021-2-25,2696649,10057
2021-2-26,2702912,6263
2021-2-27,2712509,9597
2021-2-28,2719219,6710
2021-3-1,2725701,6482
2021-3-2,2729627,3926
2021-3-3,2738065,8438
2021-3-4,2746308,8243
2021-3-5,2754332,8024
2021-3-6,2763991,9659
2021-3-7,2770192,6201
