Date,OHDATA.TotalTestResults,OHDATA.TotalTestResultsInc
2020-3-5,0,0
2020-3-6,3,3
2020-3-7,5,2
2020-3-8,6,1
2020-3-9,8,2
2020-3-10,19,11
2020-3-11,62,43
2020-3-12,143,81
2020-3-13,271,128
2020-3-14,445,174
2020-3-15,855,410
2020-3-16,1298,443
2020-3-17,2362,1064
2020-3-18,4168,1806
2020-3-19,6108,1940
2020-3-20,7780,1672
2020-3-21,9008,1228
2020-3-22,10286,1278
2020-3-23,11545,1259
2020-3-24,13286,1741
2020-3-25,14007,721
2020-3-26,15099,1092
2020-3-27,17088,1989
2020-3-28,20115,3027
2020-3-29,23301,3186
2020-3-30,25402,2101
2020-3-31,27610,2208
2020-4-1,30153,2543
2020-4-2,32866,2713
2020-4-3,35811,2945
2020-4-4,39964,4153
2020-4-5,43660,3696
2020-4-6,46654,2994
2020-4-7,49870,3216
2020-4-8,52405,2535
2020-4-9,55620,3215
2020-4-10,58740,3120
2020-4-11,61851,3111
2020-4-12,64900,3049
2020-4-13,67573,2673
2020-4-14,69825,2252
2020-4-15,72327,2502
2020-4-16,75940,3613
2020-4-17,79947,4007
2020-4-18,83824,3877
2020-4-19,88242,4418
2020-4-20,92639,4397
2020-4-21,96404,3765
2020-4-22,100098,3694
2020-4-23,104064,3966
2020-4-24,108988,4924
2020-4-25,114491,5503
2020-4-26,119680,5189
2020-4-27,123877,4197
2020-4-28,127396,3519
2020-4-29,132493,5097
2020-4-30,137884,5391
2020-5-1,143887,6003
2020-5-2,151237,7350
2020-5-3,157757,6520
2020-5-4,164698,6941
2020-5-5,170395,5697
2020-5-6,177215,6820
2020-5-7,185922,8707
2020-5-8,194778,8856
2020-5-9,204636,9858
2020-5-10,213838,9202
2020-5-11,222582,8744
2020-5-12,229357,6775
2020-5-13,237140,7783
2020-5-14,247186,10046
2020-5-15,259269,12083
2020-5-16,269835,10566
2020-5-17,280890,11055
2020-5-18,290812,9922
2020-5-19,298335,7523
2020-5-20,307640,9305
2020-5-21,319212,11572
2020-5-22,330677,11465
2020-5-23,340660,9983
2020-5-24,352193,11533
2020-5-25,361174,8981
2020-5-26,369671,8497
2020-5-27,377291,7620
2020-5-28,386073,8782
2020-5-29,398165,12092
2020-5-30,409949,11784
2020-5-31,422208,12259
2020-6-1,433337,11129
2020-6-2,442167,8830
2020-6-3,452558,10391
2020-6-4,465346,12788
2020-6-5,477751,12405
2020-6-6,490990,13239
2020-6-7,502086,11096
2020-6-8,513175,11089
2020-6-9,521613,8438
2020-6-10,531591,9978
2020-6-11,544775,13184
2020-6-12,557808,13033
2020-6-13,569678,11870
2020-6-14,582246,12568
2020-6-15,593189,10943
2020-6-16,602515,9326
2020-6-17,613239,10724
2020-6-18,629892,16653
2020-6-19,645598,15706
2020-6-20,660147,14549
2020-6-21,674903,14756
2020-6-22,689703,14800
2020-6-23,701194,11491
2020-6-24,712727,11533
2020-6-25,731072,18345
2020-6-26,752458,21386
2020-6-27,773210,20752
2020-6-28,794228,21018
2020-6-29,811992,17764
2020-6-30,825320,13328
2020-7-1,843895,18575
2020-7-2,865924,22029
2020-7-3,887918,21994
2020-7-4,910110,22192
2020-7-5,932565,22455
2020-7-6,945929,13364
2020-7-7,961506,15577
2020-7-8,980865,19359
2020-7-9,1002543,21678
2020-7-10,1026815,24272
2020-7-11,1051622,24807
2020-7-12,1077197,25575
2020-7-13,1098908,21711
2020-7-14,1116238,17330
2020-7-15,1136711,20473
2020-7-16,1165420,28709
2020-7-17,1194612,29192
2020-7-18,1218753,24141
2020-7-19,1245113,26360
2020-7-20,1267448,22335
2020-7-21,1285976,18528
2020-7-22,1308662,22686
2020-7-23,1332906,24244
2020-7-24,1356995,24089
2020-7-25,1384979,27984
2020-7-26,1410969,25990
2020-7-27,1431453,20484
2020-7-28,1451500,20047
2020-7-29,1474611,23111
2020-7-30,1502322,27711
2020-7-31,1526181,23859
2020-8-1,1552860,26679
2020-8-2,1579634,26774
2020-8-3,1601082,21448
2020-8-4,1617976,16894
2020-8-5,1637232,19256
2020-8-6,1660752,23520
2020-8-7,1685128,24376
2020-8-8,1709440,24312
2020-8-9,1737058,27618
2020-8-10,1758523,21465
2020-8-11,1776595,18072
2020-8-12,1796651,20056
2020-8-13,1822961,26310
2020-8-14,1850669,27708
2020-8-15,1875436,24767
2020-8-16,1901545,26109
2020-8-17,1923197,21652
2020-8-18,1941563,18366
2020-8-19,1961633,20070
2020-8-20,1989520,27887
2020-8-21,2017451,27931
2020-8-22,2047464,30013
2020-8-23,2073766,26302
2020-8-24,2100991,27225
2020-8-25,2124952,23961
2020-8-26,2146508,21556
2020-8-27,2172563,26055
2020-8-28,2203992,31429
2020-8-29,2237305,33313
2020-8-30,2268145,30840
2020-8-31,2299102,30957
2020-9-1,2321386,22284
2020-9-2,2343818,22432
2020-9-3,2371591,27773
2020-9-4,2401361,29770
2020-9-5,2432131,30770
2020-9-6,2460030,27899
2020-9-7,2484170,24140
2020-9-8,2507195,23025
2020-9-9,2525135,17940
2020-9-10,2544487,19352
2020-9-11,2575025,30538
2020-9-12,2611642,36617
2020-9-13,2643060,31418
2020-9-14,2676969,33909
2020-9-15,2708120,31151
2020-9-16,2736683,28563
2020-9-17,2765489,28806
2020-9-18,2803879,38390
2020-9-19,2840298,36419
2020-9-20,2880246,39948
2020-9-21,2913753,33507
2020-9-22,2943471,29718
2020-9-23,2967089,23618
2020-9-24,2992207,25118
2020-9-25,3029077,36870
2020-9-26,3069400,40323
2020-9-27,3108273,38873
2020-9-28,3144141,35868
2020-9-29,3175764,31623
2020-9-30,3202629,26865
2020-10-1,3235757,33128
2020-10-2,3272614,36857
2020-10-3,3318194,45580
2020-10-4,3360328,42134
2020-10-5,3395399,35071
2020-10-6,3428445,33046
2020-10-7,3455487,27042
2020-10-8,3489032,33545
2020-10-9,3534585,45553
2020-10-10,3580126,45541
2020-10-11,3624499,44373
2020-10-12,3661950,37451
2020-10-13,3697762,35812
2020-10-14,3723784,26022
2020-10-15,3757325,33541
2020-10-16,3803860,46535
2020-10-17,3854128,50268
2020-10-18,3898611,44483
2020-10-19,3944711,46100
2020-10-20,3976316,31605
2020-10-21,4007602,31286
2020-10-22,4050342,42740
2020-10-23,4098276,47934
2020-10-24,4149369,51093
2020-10-25,4200014,50645
2020-10-26,4243421,43407
2020-10-27,4279232,35811
2020-10-28,4310465,31233
2020-10-29,4360577,50112
2020-10-30,4411369,50792
2020-10-31,4467444,56075
2020-11-1,4524833,57389
2020-11-2,4570403,45570
2020-11-3,4601220,30817
2020-11-4,4640914,39694
2020-11-5,4691235,50321
2020-11-6,4744403,53168
2020-11-7,4803098,58695
2020-11-8,4865182,62084
2020-11-9,4917881,52699
2020-11-10,4958904,41023
2020-11-11,5005241,46337
2020-11-12,5061774,56533
2020-11-13,5126747,64973
2020-11-14,5187886,61139
2020-11-15,5258841,70955
2020-11-16,5319001,60160
2020-11-17,5361466,42465
2020-11-18,5405692,44226
2020-11-19,5470174,64482
2020-11-20,5535240,65066
2020-11-21,5604370,69130
2020-11-22,5674752,70382
2020-11-23,5744334,69582
2020-11-24,5798330,53996
2020-11-25,5850428,52098
2020-11-26,5915250,64822
2020-11-27,5986297,71047
2020-11-28,6036137,49840
2020-11-29,6086820,50683
2020-11-30,6137070,50250
2020-12-1,6185536,48466
2020-12-2,6220009,34473
2020-12-3,6273710,53701
2020-12-4,6335310,61600
2020-12-5,6402686,67376
2020-12-6,6467429,64743
2020-12-7,6522267,54838
2020-12-8,6573381,51114
2020-12-9,6613087,39706
2020-12-10,6676579,63492
2020-12-11,6741970,65391
2020-12-12,6806899,64929
2020-12-13,6869638,62739
2020-12-14,6927086,57448
2020-12-15,6965747,38661
2020-12-16,6999093,33346
2020-12-17,7056704,57611
2020-12-18,7124102,67398
2020-12-19,7186159,62057
2020-12-20,7244418,58259
2020-12-21,7290873,46455
2020-12-22,7321127,30254
2020-12-23,7352464,31337
2020-12-24,7409870,57406
2020-12-25,7472240,62370
2020-12-26,7521814,49574
2020-12-27,7551957,30143
2020-12-28,7580749,28792
2020-12-29,7601078,20329
2020-12-30,7625641,24563
2020-12-31,7682584,56943
2021-1-1,7745920,63336
2021-1-2,7795210,49290
2021-1-3,7831810,36600
2021-1-4,7862631,30821
2021-1-5,7882683,20052
2021-1-6,7908645,25962
2021-1-7,7963321,54676
2021-1-8,8033268,69947
2021-1-9,8092160,58892
2021-1-10,8145652,53492
2021-1-11,8186142,40490
2021-1-12,8225635,39493
2021-1-13,8250980,25345
2021-1-14,8304981,54001
2021-1-15,8368521,63540
2021-1-16,8431240,62719
2021-1-17,8478037,46797
2021-1-18,8515645,37608
2021-1-19,8554113,38468
2021-1-20,8576460,22347
2021-1-21,8622872,46412
2021-1-22,8682631,59759
2021-1-23,8738557,55926
2021-1-24,8777871,39314
2021-1-25,8814234,36363
2021-1-26,8850736,36502
2021-1-27,8872864,22128
2021-1-28,8921429,48565
2021-1-29,8982880,61451
2021-1-30,9033143,50263
2021-1-31,9074070,40927
2021-2-1,9104857,30787
2021-2-2,9146476,41619
2021-2-3,9165199,18723
2021-2-4,9213673,48474
2021-2-5,9265442,51769
2021-2-6,9311397,45955
2021-2-7,9347896,36499
2021-2-8,9374405,26509
2021-2-9,9407146,32741
2021-2-10,9426763,19617
2021-2-11,9469638,42875
2021-2-12,9524660,55022
2021-2-13,9559780,35120
2021-2-14,9587475,27695
2021-2-15,9619261,31786
2021-2-16,9654714,35453
2021-2-17,9671588,16874
2021-2-18,9691429,19841
2021-2-19,9723498,32069
2021-2-20,9750755,27257
2021-2-21,9781894,31139
2021-2-22,9805398,23504
2021-2-23,9830863,25465
2021-2-24,9849578,18715
2021-2-25,9894516,44938
2021-2-26,9940287,45771
2021-2-27,9994327,54040
2021-2-28,10030523,36196
2021-3-1,10056602,26079
2021-3-2,10084481,27879
2021-3-3,10101222,16741
2021-3-4,10144547,43325
2021-3-5,10187678,43131
2021-3-6,10227868,40190
2021-3-7,10257157,29289
