Date,OKDATA.TotalTestResults,OKDATA.TotalTestResultsInc
2020-3-7,1,0
2020-3-8,9,8
2020-3-9,9,0
2020-3-10,17,8
2020-3-11,17,0
2020-3-12,39,22
2020-3-13,39,0
2020-3-14,40,1
2020-3-15,127,87
2020-3-16,184,57
2020-3-17,264,80
2020-3-18,407,143
2020-3-19,510,103
2020-3-20,587,77
2020-3-21,613,26
2020-3-22,736,123
2020-3-23,775,39
2020-3-24,841,66
2020-3-25,969,128
2020-3-26,1206,237
2020-3-27,1406,200
2020-3-28,1557,151
2020-3-29,1634,77
2020-3-30,1688,54
2020-3-31,1794,106
2020-4-1,1967,173
2020-4-2,2144,177
2020-4-3,2303,159
2020-4-4,2521,218
2020-4-5,2653,132
2020-4-6,2749,96
2020-4-7,13293,10544
2020-4-8,13345,52
2020-4-9,20279,6934
2020-4-10,22164,1885
2020-4-11,22658,494
2020-4-12,22760,102
2020-4-13,22859,99
2020-4-14,28269,5410
2020-4-15,29219,950
2020-4-16,30899,1680
2020-4-17,33620,2721
2020-4-18,35536,1916
2020-4-19,35565,29
2020-4-20,35646,81
2020-4-21,44344,8698
2020-4-22,45913,1569
2020-4-23,46036,123
2020-4-24,46140,104
2020-4-25,53084,6944
2020-4-26,53144,60
2020-4-27,53171,27
2020-4-28,59699,6528
2020-4-29,61267,1568
2020-4-30,63422,2155
2020-5-1,63552,130
2020-5-2,63655,103
2020-5-3,63776,121
2020-5-4,63848,72
2020-5-5,79417,15569
2020-5-6,82890,3473
2020-5-7,86887,3997
2020-5-8,89857,2970
2020-5-9,95869,6012
2020-5-10,95968,99
2020-5-11,95992,24
2020-5-12,96111,119
2020-5-13,109127,13016
2020-5-14,112183,3056
2020-5-15,118192,6009
2020-5-16,123399,5207
2020-5-17,123472,73
2020-5-18,123560,88
2020-5-19,139147,15587
2020-5-20,144371,5224
2020-5-21,149595,5224
2020-5-22,153167,3572
2020-5-23,160903,7736
2020-5-24,160980,77
2020-5-25,161033,53
2020-5-26,159941,0
2020-5-27,178638,18697
2020-5-28,182406,3768
2020-5-29,187398,4992
2020-5-30,193118,5720
2020-5-31,193206,88
2020-6-1,193273,67
2020-6-2,204657,11384
2020-6-3,208052,3395
2020-6-4,211722,3670
2020-6-5,216471,4749
2020-6-6,221601,5130
2020-6-7,221748,147
2020-6-8,221803,55
2020-6-9,234041,12238
2020-6-10,237297,3256
2020-6-11,241445,4148
2020-6-12,246214,4769
2020-6-13,246439,225
2020-6-14,250818,4379
2020-6-15,251004,186
2020-6-16,261805,10801
2020-6-17,265432,3627
2020-6-18,269553,4121
2020-6-19,274578,5025
2020-6-20,281962,7384
2020-6-21,282440,478
2020-6-22,282658,218
2020-6-23,295057,12399
2020-6-24,298278,3221
2020-6-25,304965,6687
2020-6-26,310777,5812
2020-6-27,325663,14886
2020-6-28,325965,302
2020-6-29,326193,228
2020-6-30,341597,15404
2020-7-1,346313,4716
2020-7-2,353050,6737
2020-7-3,363854,10804
2020-7-4,364434,580
2020-7-5,364717,283
2020-7-6,365151,434
2020-7-7,389018,23867
2020-7-8,394823,5805
2020-7-9,401754,6931
2020-7-10,411074,9320
2020-7-11,419816,8742
2020-7-12,420272,456
2020-7-13,420782,510
2020-7-14,441294,20512
2020-7-15,447325,6031
2020-7-16,456817,9492
2020-7-17,465044,8227
2020-7-18,475731,10687
2020-7-19,475940,209
2020-7-20,476108,168
2020-7-21,498383,22275
2020-7-22,505598,7215
2020-7-23,513175,7577
2020-7-24,523042,9867
2020-7-25,565709,42667
2020-7-26,566913,1204
2020-7-27,568314,1401
2020-7-28,589126,20812
2020-7-29,606513,17387
2020-7-30,615016,8503
2020-7-31,625578,10562
2020-8-1,637192,11614
2020-8-2,637686,494
2020-8-3,638063,377
2020-8-4,657276,19213
2020-8-5,664730,7454
2020-8-6,674653,9923
2020-8-7,685815,11162
2020-8-8,693565,7750
2020-8-9,694051,486
2020-8-10,694448,397
2020-8-11,714235,19787
2020-8-12,722107,7872
2020-8-13,731272,9165
2020-8-14,743242,11970
2020-8-15,754417,11175
2020-8-16,754961,544
2020-8-17,755330,369
2020-8-18,775000,19670
2020-8-19,782740,7740
2020-8-20,790894,8154
2020-8-21,800902,10008
2020-8-22,811934,11032
2020-8-23,812500,566
2020-8-24,812857,357
2020-8-25,830831,17974
2020-8-26,837384,6553
2020-8-27,845849,8465
2020-8-28,855780,9931
2020-8-29,863898,8118
2020-8-30,864565,667
2020-8-31,865278,713
2020-9-1,886912,21634
2020-9-2,893242,6330
2020-9-3,903046,9804
2020-9-4,914395,11349
2020-9-5,923273,8878
2020-9-6,923693,420
2020-9-7,924306,613
2020-9-8,925139,833
2020-9-9,953536,28397
2020-9-10,961710,8174
2020-9-11,974751,13041
2020-9-12,988835,14084
2020-9-13,989530,695
2020-9-14,990399,869
2020-9-15,1016508,26109
2020-9-16,1027596,11088
2020-9-17,1039837,12241
2020-9-18,1054217,14380
2020-9-19,1071501,17284
2020-9-20,1072504,1003
2020-9-21,1073605,1101
2020-9-22,1101839,28234
2020-9-23,1114326,12487
2020-9-24,1126926,12600
2020-9-25,1140664,13738
2020-9-26,1158985,18321
2020-9-27,1158985,0
2020-9-28,1160669,1684
2020-9-29,1192403,31734
2020-9-30,1204028,11625
2020-10-1,1215441,11413
2020-10-2,1230160,14719
2020-10-3,1247822,17662
2020-10-4,1248391,569
2020-10-5,1249056,665
2020-10-6,1280061,31005
2020-10-7,1290623,10562
2020-10-8,1304870,14247
2020-10-9,1321971,17101
2020-10-10,1339139,17168
2020-10-11,1339905,766
2020-10-12,1340702,797
2020-10-13,1373716,33014
2020-10-14,1385669,11953
2020-10-15,1398768,13099
2020-10-16,1418148,19380
2020-10-17,1434035,15887
2020-10-18,1434831,796
2020-10-19,1435605,774
2020-10-20,1467010,31405
2020-10-21,1478225,11215
2020-10-22,1491088,12863
2020-10-23,1511552,20464
2020-10-24,1532709,21157
2020-10-25,1533760,1051
2020-10-26,1534423,663
2020-10-27,1564476,30053
2020-10-28,1575866,11390
2020-10-29,1586185,10319
2020-10-30,1601775,15590
2020-10-31,1617394,15619
2020-11-1,1618743,1349
2020-11-2,1619827,1084
2020-11-3,1647339,27512
2020-11-4,1657117,9778
2020-11-5,1673557,16440
2020-11-6,1689601,16044
2020-11-7,1703072,13471
2020-11-8,1707579,4507
2020-11-9,1709776,2197
2020-11-10,1733198,23422
2020-11-11,1748137,14939
2020-11-12,1750494,2357
2020-11-13,1791023,40529
2020-11-14,1803804,12781
2020-11-15,1807727,3923
2020-11-16,1810456,2729
2020-11-17,1851019,40563
2020-11-18,1868941,17922
2020-11-19,1890561,21620
2020-11-20,1907186,16625
2020-11-21,1960569,53383
2020-11-22,1963975,3406
2020-11-23,1967519,3544
2020-11-24,2011009,43490
2020-11-25,2032905,21896
2020-11-26,2057810,24905
2020-11-27,2061035,3225
2020-11-28,2067292,6257
2020-11-29,2069013,1721
2020-11-30,2071213,2200
2020-12-1,2122950,51737
2020-12-2,2143079,20129
2020-12-3,2161489,18410
2020-12-4,2191644,30155
2020-12-5,2222074,30430
2020-12-6,2225315,3241
2020-12-7,2227218,1903
2020-12-8,2259659,32441
2020-12-9,2278911,19252
2020-12-10,2297621,18710
2020-12-11,2320719,23098
2020-12-12,2343815,23096
2020-12-13,2348147,4332
2020-12-14,2350246,2099
2020-12-15,2389948,39702
2020-12-16,2403866,13918
2020-12-17,2406841,2975
2020-12-18,2443847,37006
2020-12-19,2454616,10769
2020-12-20,2459586,4970
2020-12-21,2462182,2596
2020-12-22,2516937,54755
2020-12-23,2543255,26318
2020-12-24,2568884,25629
2020-12-25,2587225,18341
2020-12-26,2591180,3955
2020-12-27,2593811,2631
2020-12-28,2597259,3448
2020-12-29,2619690,22431
2020-12-30,2649374,29684
2020-12-31,2668245,18871
2021-1-1,2685254,17009
2021-1-2,2690373,5119
2021-1-3,2698390,8017
2021-1-4,2701089,2699
2021-1-5,2738033,36944
2021-1-6,2758923,20890
2021-1-7,2778295,19372
2021-1-8,2797914,19619
2021-1-9,2824791,26877
2021-1-10,2831278,6487
2021-1-11,2835163,3885
2021-1-12,2864080,28917
2021-1-13,2889390,25310
2021-1-14,2908367,18977
2021-1-15,2937452,29085
2021-1-16,2952665,15213
2021-1-17,2955979,3314
2021-1-18,2957816,1837
2021-1-19,2959374,1558
2021-1-20,3002435,43061
2021-1-21,3016648,14213
2021-1-22,3040353,23705
2021-1-23,3060863,20510
2021-1-24,3063804,2941
2021-1-25,3065567,1763
2021-1-26,3093132,27565
2021-1-27,3115197,22065
2021-1-28,3131910,16713
2021-1-29,3157187,25277
2021-1-30,3181931,24744
2021-1-31,3184813,2882
2021-2-1,3186209,1396
2021-2-2,3214634,28425
2021-2-3,3233272,18638
2021-2-4,3251504,18232
2021-2-5,3266144,14640
2021-2-6,3291315,25171
2021-2-7,3293489,2174
2021-2-8,3294529,1040
2021-2-9,3309116,14587
2021-2-10,3327080,17964
2021-2-11,3343704,16624
2021-2-12,3358452,14748
2021-2-13,3369881,11429
2021-2-14,3371147,1266
2021-2-15,3371877,730
2021-2-16,3372385,508
2021-2-17,3400501,28116
2021-2-18,3403661,3160
2021-2-19,3409599,5938
2021-2-20,3414513,4914
2021-2-21,3415549,1036
2021-2-22,3416048,499
2021-2-23,3430090,14042
2021-2-24,3445441,15351
2021-2-25,3456445,11004
2021-2-26,3501011,44566
2021-2-27,3508631,7620
2021-2-28,3509337,706
2021-3-1,3509717,380
2021-3-2,3525279,15562
2021-3-3,3542049,16770
2021-3-4,3553402,11353
2021-3-5,3562618,9216
2021-3-6,3574836,12218
2021-3-7,3575297,461
