Date,ORDATA.TotalTestResults,ORDATA.TotalTestResultsInc
2020-3-4,0,0
2020-3-5,0,0
2020-3-6,0,0
2020-3-7,0,0
2020-3-8,0,0
2020-3-9,0,0
2020-3-10,0,0
2020-3-11,0,0
2020-3-12,0,0
2020-3-13,0,0
2020-3-14,0,0
2020-3-15,0,0
2020-3-16,0,0
2020-3-17,0,0
2020-3-18,0,0
2020-3-19,0,0
2020-3-20,0,0
2020-3-21,0,0
2020-3-22,0,0
2020-3-23,0,0
2020-3-24,0,0
2020-3-25,0,0
2020-3-26,0,0
2020-3-27,0,0
2020-3-28,0,0
2020-3-29,0,0
2020-3-30,1336,1336
2020-3-31,2542,1206
2020-4-1,3606,1064
2020-4-2,5528,1922
2020-4-3,7310,1782
2020-4-4,9569,2259
2020-4-5,12322,2753
2020-4-6,14206,1884
2020-4-7,15730,1524
2020-4-8,18021,2291
2020-4-9,20189,2168
2020-4-10,22105,1916
2020-4-11,24290,2185
2020-4-12,26548,2258
2020-4-13,28316,1768
2020-4-14,30144,1828
2020-4-15,31387,1243
2020-4-16,32861,1474
2020-4-17,35283,2422
2020-4-18,37583,2300
2020-4-19,39641,2058
2020-4-20,42029,2388
2020-4-21,43975,1946
2020-4-22,45328,1353
2020-4-23,47837,2509
2020-4-24,50259,2422
2020-4-25,53845,3586
2020-4-26,56494,2649
2020-4-27,58802,2308
2020-4-28,61789,2987
2020-4-29,64418,2629
2020-4-30,68053,3635
2020-5-1,70846,2793
2020-5-2,74149,3303
2020-5-3,77517,3368
2020-5-4,81009,3492
2020-5-5,83706,2697
2020-5-6,86610,2904
2020-5-7,89702,3092
2020-5-8,93518,3816
2020-5-9,96598,3080
2020-5-10,100588,3990
2020-5-11,103775,3187
2020-5-12,107202,3427
2020-5-13,110253,3051
2020-5-14,114574,4321
2020-5-15,118247,3673
2020-5-16,122177,3930
2020-5-17,127653,5476
2020-5-18,131630,3977
2020-5-19,134343,2713
2020-5-20,138367,4024
2020-5-21,142154,3787
2020-5-22,146576,4422
2020-5-23,150495,3919
2020-5-24,154802,4307
2020-5-25,158025,3223
2020-5-26,160709,2684
2020-5-27,163641,2932
2020-5-28,167288,3647
2020-5-29,171942,4654
2020-5-30,176343,4401
2020-5-31,181506,5163
2020-6-1,185200,3694
2020-6-2,188801,3601
2020-6-3,192939,4138
2020-6-4,196864,3925
2020-6-5,201206,4342
2020-6-6,207165,5959
2020-6-7,211790,4625
2020-6-8,215732,3942
2020-6-9,220427,4695
2020-6-10,225981,5554
2020-6-11,231295,5314
2020-6-12,237359,6064
2020-6-13,244239,6880
2020-6-14,250541,6302
2020-6-15,256784,6243
2020-6-16,261171,4387
2020-6-17,267055,5884
2020-6-18,274510,7455
2020-6-19,282216,7706
2020-6-20,290171,7955
2020-6-21,298281,8110
2020-6-22,304771,6490
2020-6-23,310542,5771
2020-6-24,316822,6280
2020-6-25,323653,6831
2020-6-26,326237,2584
2020-6-27,338813,12576
2020-6-28,346836,8023
2020-6-29,353919,7083
2020-6-30,359663,5744
2020-7-1,363702,4039
2020-7-2,373326,9624
2020-7-3,385411,12085
2020-7-4,392939,7528
2020-7-5,401069,8130
2020-7-6,408109,7040
2020-7-7,413189,5080
2020-7-8,420047,6858
2020-7-9,427834,7787
2020-7-10,437771,9937
2020-7-11,447412,9641
2020-7-12,456079,8667
2020-7-13,463147,7068
2020-7-14,469558,6411
2020-7-15,476654,7096
2020-7-16,486780,10126
2020-7-17,497184,10404
2020-7-18,505871,8687
2020-7-19,516504,10633
2020-7-20,524095,7591
2020-7-21,531681,7586
2020-7-22,539636,7955
2020-7-23,557614,17978
2020-7-24,566847,9233
2020-7-25,577308,10461
2020-7-26,589371,12063
2020-7-27,596598,7227
2020-7-28,602910,6312
2020-7-29,611044,8134
2020-7-30,619606,8562
2020-7-31,626768,7162
2020-8-1,635419,8651
2020-8-2,644785,9366
2020-8-3,651235,6450
2020-8-4,657046,5811
2020-8-5,663095,6049
2020-8-6,671955,8860
2020-8-7,681991,10036
2020-8-8,688480,6489
2020-8-9,691038,2558
2020-8-10,693356,2318
2020-8-11,695829,2473
2020-8-12,700623,4794
2020-8-13,704277,3654
2020-8-14,712800,8523
2020-8-15,719505,6705
2020-8-16,737467,17962
2020-8-17,743260,5793
2020-8-18,746940,3680
2020-8-19,755187,8247
2020-8-20,763954,8767
2020-8-21,772344,8390
2020-8-22,782690,10346
2020-8-23,791645,8955
2020-8-24,796886,5241
2020-8-25,802440,5554
2020-8-26,810114,7674
2020-8-27,818032,7918
2020-8-28,830475,12443
2020-8-29,838790,8315
2020-8-30,847634,8844
2020-8-31,854391,6757
2020-9-1,860486,6095
2020-9-2,870549,10063
2020-9-3,877405,6856
2020-9-4,885021,7616
2020-9-5,895942,10921
2020-9-6,901095,5153
2020-9-7,909152,8057
2020-9-8,914065,4913
2020-9-9,919413,5348
2020-9-10,924633,5220
2020-9-11,929893,5260
2020-9-12,940341,10448
2020-9-13,948898,8557
2020-9-14,957294,8396
2020-9-15,961028,3734
2020-9-16,966979,5951
2020-9-17,973633,6654
2020-9-18,982286,8653
2020-9-19,990586,8300
2020-9-20,998655,8069
2020-9-21,1003199,4544
2020-9-22,1007681,4482
2020-9-23,1017383,9702
2020-9-24,1025605,8222
2020-9-25,1032996,7391
2020-9-26,1043295,10299
2020-9-27,1053367,10072
2020-9-28,1058679,5312
2020-9-29,1063982,5303
2020-9-30,1072515,8533
2020-10-1,1086859,14344
2020-10-2,1098803,11944
2020-10-3,1110713,11910
2020-10-4,1120616,9903
2020-10-5,1127409,6793
2020-10-6,1133099,5690
2020-10-7,1141677,8578
2020-10-8,1151507,9830
2020-10-9,1163149,11642
2020-10-10,1176669,13520
2020-10-11,1189305,12636
2020-10-12,1197997,8692
2020-10-13,1204781,6784
2020-10-14,1218594,13813
2020-10-15,1229877,11283
2020-10-16,1246662,16785
2020-10-17,1260818,14156
2020-10-18,1272320,11502
2020-10-19,1280774,8454
2020-10-20,1290107,9333
2020-10-21,1303311,13204
2020-10-22,1314825,11514
2020-10-23,1328282,13457
2020-10-24,1347047,18765
2020-10-25,1360636,13589
2020-10-26,1372760,12124
2020-10-27,1381168,8408
2020-10-28,1395967,14799
2020-10-29,1410226,14259
2020-10-30,1425532,15306
2020-10-31,1441159,15627
2020-11-1,1467857,26698
2020-11-2,1482245,14388
2020-11-3,1491094,8849
2020-11-4,1504407,13313
2020-11-5,1518927,14520
2020-11-6,1533487,14560
2020-11-7,1552390,18903
2020-11-8,1567802,15412
2020-11-9,1583228,15426
2020-11-10,1594543,11315
2020-11-11,1608006,13463
2020-11-12,1625667,17661
2020-11-13,1641992,16325
2020-11-14,1662462,20470
2020-11-15,1682612,20150
2020-11-16,1696488,13876
2020-11-17,1709357,12869
2020-11-18,1724634,15277
2020-11-19,1743437,18803
2020-11-20,1764476,21039
2020-11-21,1788488,24012
2020-11-22,1812656,24168
2020-11-23,1826052,13396
2020-11-24,1842179,16127
2020-11-25,1869208,27029
2020-11-26,1891785,22577
2020-11-27,1915466,23681
2020-11-28,1935773,20307
2020-11-29,1954429,18656
2020-11-30,1967397,12968
2020-12-1,1979780,12383
2020-12-2,2002315,22535
2020-12-3,2021665,19350
2020-12-4,2043047,21382
2020-12-5,2087054,44007
2020-12-6,2119510,32456
2020-12-7,2138331,18821
2020-12-8,2153661,15330
2020-12-9,2175160,21499
2020-12-10,2193822,18662
2020-12-11,2216527,22705
2020-12-12,2242771,26244
2020-12-13,2242771,0
2020-12-14,2242771,0
2020-12-15,2304931,62160
2020-12-16,2343728,38797
2020-12-17,2368409,24681
2020-12-18,2392813,24404
2020-12-19,2415804,22991
2020-12-20,2415804,0
2020-12-21,2415804,0
2020-12-22,2472444,56640
2020-12-23,2491437,18993
2020-12-24,2517896,26459
2020-12-25,2537482,19586
2020-12-26,2537482,0
2020-12-27,2537482,0
2020-12-28,2537482,0
2020-12-29,2598391,60909
2020-12-30,2613558,15167
2020-12-31,2632475,18917
2021-1-1,2652670,20195
2021-1-2,2652670,0
2021-1-3,2652670,0
2021-1-4,2652670,0
2021-1-5,2722777,70107
2021-1-6,2722777,0
2021-1-7,2741116,18339
2021-1-8,2762331,21215
2021-1-9,2786624,24293
2021-1-10,2786624,0
2021-1-11,2786624,0
2021-1-12,2839839,53215
2021-1-13,2856686,16847
2021-1-14,2874572,17886
2021-1-15,2895680,21108
2021-1-16,2919566,23886
2021-1-17,2919566,0
2021-1-18,2919566,0
2021-1-19,2919566,0
2021-1-20,2987263,67697
2021-1-21,3003213,15950
2021-1-22,3023332,20119
2021-1-23,3043792,20460
2021-1-24,3043792,0
2021-1-25,3043792,0
2021-1-26,3081394,37602
2021-1-27,3105100,23706
2021-1-28,3122704,17604
2021-1-29,3133678,10974
2021-1-30,3162750,29072
2021-1-31,3162750,0
2021-2-1,3162750,0
2021-2-2,3202207,39457
2021-2-3,3218747,16540
2021-2-4,3233826,15079
2021-2-5,3253665,19839
2021-2-6,3271481,17816
2021-2-7,3271481,0
2021-2-8,3271481,0
2021-2-9,3314935,43454
2021-2-10,3328998,14063
2021-2-11,3344227,15229
2021-2-12,3364377,20150
2021-2-13,3384703,20326
2021-2-14,3384703,0
2021-2-15,3384703,0
2021-2-16,3384703,0
2021-2-17,3419985,35282
2021-2-18,3431911,11926
2021-2-19,3449326,17415
2021-2-20,3465787,16461
2021-2-21,3465787,0
2021-2-22,3465787,0
2021-2-23,3498165,32378
2021-2-24,3510691,12526
2021-2-25,3526219,15528
2021-2-26,3546317,20098
2021-2-27,3564120,17803
2021-2-28,3564120,0
2021-3-1,3564120,0
2021-3-2,3748444,184324
2021-3-3,3760400,11956
2021-3-4,3787438,27038
2021-3-5,3798067,10629
2021-3-6,3850973,52906
2021-3-7,3850973,0
