Date,PADATA.TotalTestResults,PADATA.TotalTestResultsInc
2020-3-3,0,0
2020-3-4,5,5
2020-3-5,7,2
2020-3-6,11,4
2020-3-7,27,16
2020-3-8,39,12
2020-3-9,56,17
2020-3-10,72,16
2020-3-11,105,33
2020-3-12,145,40
2020-3-13,218,73
2020-3-14,393,175
2020-3-15,553,160
2020-3-16,751,198
2020-3-17,991,240
2020-3-18,1347,356
2020-3-19,1814,467
2020-3-20,2885,1071
2020-3-21,4270,1385
2020-3-22,5584,1314
2020-3-23,7443,1859
2020-3-24,9768,2325
2020-3-25,12592,2824
2020-3-26,18627,6035
2020-3-27,23752,5125
2020-3-28,28683,4931
2020-3-29,34183,5500
2020-3-30,38677,4494
2020-3-31,43493,4816
2020-4-1,49527,6034
2020-4-2,56194,6667
2020-4-3,63756,7562
2020-4-4,72037,8281
2020-4-5,79939,7902
2020-4-6,86375,6436
2020-4-7,93981,7606
2020-4-8,101744,7763
2020-4-9,109148,7404
2020-4-10,116940,7792
2020-4-11,124697,7757
2020-4-12,129733,5036
2020-4-13,134868,5135
2020-4-14,139078,4210
2020-4-15,143470,4392
2020-4-16,147831,4361
2020-4-17,154082,6251
2020-4-18,161231,7149
2020-4-19,166548,5317
2020-4-20,170878,4330
2020-4-21,174946,4068
2020-4-22,180769,5823
2020-4-23,189024,8255
2020-4-24,196947,7923
2020-4-25,204238,7291
2020-4-26,210844,6606
2020-4-27,216298,5454
2020-4-28,222866,6568
2020-4-29,229202,6336
2020-4-30,236918,7716
2020-5-1,243945,7027
2020-5-2,252932,8987
2020-5-3,258986,6054
2020-5-4,264726,5740
2020-5-5,271071,6345
2020-5-6,277573,6502
2020-5-7,285820,8247
2020-5-8,294860,9040
2020-5-9,302677,7817
2020-5-10,312051,9374
2020-5-11,317433,5382
2020-5-12,326127,8694
2020-5-13,334131,8004
2020-5-14,344206,10075
2020-5-15,354816,10610
2020-5-16,364493,9677
2020-5-17,370473,5980
2020-5-18,379448,8975
2020-5-19,390431,10983
2020-5-20,400481,10050
2020-5-21,413149,12668
2020-5-22,425816,12667
2020-5-23,437273,11457
2020-5-24,446455,9182
2020-5-25,455092,8637
2020-5-26,461534,6442
2020-5-27,475121,13587
2020-5-28,485597,10476
2020-5-29,498040,12443
2020-5-30,510089,12049
2020-5-31,520104,10015
2020-6-1,528521,8417
2020-6-2,541752,13231
2020-6-3,553578,11826
2020-6-4,565696,12118
2020-6-5,576018,10322
2020-6-6,591961,15943
2020-6-7,602604,10643
2020-6-8,612272,9668
2020-6-9,623359,11087
2020-6-10,634939,11580
2020-6-11,648389,13450
2020-6-12,663676,15287
2020-6-13,675374,11698
2020-6-14,685891,10517
2020-6-15,698168,12277
2020-6-16,711551,13383
2020-6-17,724338,12787
2020-6-18,738704,14366
2020-6-19,756024,17320
2020-6-20,770246,14222
2020-6-21,783464,13218
2020-6-22,796335,12871
2020-6-23,811695,15360
2020-6-24,828333,16638
2020-6-25,845713,17380
2020-6-26,865517,19804
2020-6-27,882998,17481
2020-6-28,898189,15191
2020-6-29,912000,13811
2020-6-30,926219,14219
2020-7-1,943287,17068
2020-7-2,961731,18444
2020-7-3,979825,18094
2020-7-4,994754,14929
2020-7-5,1007467,12713
2020-7-6,1018320,10853
2020-7-7,1045027,26707
2020-7-8,1066111,21084
2020-7-9,1085526,19415
2020-7-10,1110078,24552
2020-7-11,1129008,18930
2020-7-12,1146134,17126
2020-7-13,1156942,10808
2020-7-14,1178091,21149
2020-7-15,1208335,30244
2020-7-16,1229473,21138
2020-7-17,1252795,23322
2020-7-18,1273733,20938
2020-7-19,1294445,20712
2020-7-20,1312224,17779
2020-7-21,1335353,23129
2020-7-22,1358246,22893
2020-7-23,1379604,21358
2020-7-24,1407415,27811
2020-7-25,1434396,26981
2020-7-26,1455189,20793
2020-7-27,1474998,19809
2020-7-28,1500969,25971
2020-7-29,1521867,20898
2020-7-30,1545448,23581
2020-7-31,1569824,24376
2020-8-1,1591633,21809
2020-8-2,1610788,19155
2020-8-3,1629049,18261
2020-8-4,1653095,24046
2020-8-5,1673025,19930
2020-8-6,1695198,22173
2020-8-7,1720130,24932
2020-8-8,1743955,23825
2020-8-9,1764364,20409
2020-8-10,1783336,18972
2020-8-11,1806212,22876
2020-8-12,1834940,28728
2020-8-13,1867118,32178
2020-8-14,1894396,27278
2020-8-15,1921264,26868
2020-8-16,1941115,19851
2020-8-17,1956761,15646
2020-8-18,1978198,21437
2020-8-19,2002535,24337
2020-8-20,2030939,28404
2020-8-21,2055649,24710
2020-8-22,2080016,24367
2020-8-23,2100459,20443
2020-8-24,2116529,16070
2020-8-25,2139490,22961
2020-8-26,2160951,21461
2020-8-27,2184172,23221
2020-8-28,2216010,31838
2020-8-29,2241312,25302
2020-8-30,2263808,22496
2020-8-31,2280009,16201
2020-9-1,2308933,28924
2020-9-2,2329293,20360
2020-9-3,2355620,26327
2020-9-4,2380607,24987
2020-9-5,2406497,25890
2020-9-6,2426937,20440
2020-9-7,2444418,17481
2020-9-8,2457835,13417
2020-9-9,2480503,22668
2020-9-10,2518131,37628
2020-9-11,2553205,35074
2020-9-12,2582989,29784
2020-9-13,2602957,19968
2020-9-14,2624255,21298
2020-9-15,2649342,25087
2020-9-16,2674452,25110
2020-9-17,2700820,26368
2020-9-18,2731276,30456
2020-9-19,2763669,32393
2020-9-20,2786854,23185
2020-9-21,2806413,19559
2020-9-22,2833544,27131
2020-9-23,2858086,24542
2020-9-24,2888164,30078
2020-9-25,2921327,33163
2020-9-26,2952033,30706
2020-9-27,2981779,29746
2020-9-28,3001687,19908
2020-9-29,3028137,26450
2020-9-30,3053816,25679
2020-10-1,3079975,26159
2020-10-2,3114903,34928
2020-10-3,3146795,31892
2020-10-4,3171518,24723
2020-10-5,3192420,20902
2020-10-6,3218476,26056
2020-10-7,3261613,43137
2020-10-8,3296367,34754
2020-10-9,3336637,40270
2020-10-10,3385332,48695
2020-10-11,3416163,30831
2020-10-12,3440811,24648
2020-10-13,3476411,35600
2020-10-14,3506849,30438
2020-10-15,3541718,34869
2020-10-16,3579193,37475
2020-10-17,3621788,42595
2020-10-18,3652158,30370
2020-10-19,3676337,24179
2020-10-20,3708330,31993
2020-10-21,3737277,28947
2020-10-22,3776726,39449
2020-10-23,3817496,40770
2020-10-24,3856970,39474
2020-10-25,3892386,35416
2020-10-26,3919357,26971
2020-10-27,3958256,38899
2020-10-28,3992267,34011
2020-10-29,4028192,35925
2020-10-30,4070357,42165
2020-10-31,4116788,46431
2020-11-1,4153368,36580
2020-11-2,4179246,25878
2020-11-3,4221832,42586
2020-11-4,4280805,58973
2020-11-5,4332180,51375
2020-11-6,4387633,55453
2020-11-7,4440802,53169
2020-11-8,4481758,40956
2020-11-9,4520616,38858
2020-11-10,4567727,47111
2020-11-11,4616587,48860
2020-11-12,4669426,52839
2020-11-13,4726929,57503
2020-11-14,4785530,58601
2020-11-15,4849893,64363
2020-11-16,4898163,48270
2020-11-17,4946674,48511
2020-11-18,5009041,62367
2020-11-19,5071953,62912
2020-11-20,5132242,60289
2020-11-21,5196711,64469
2020-11-22,5260736,64025
2020-11-23,5305634,44898
2020-11-24,5360843,55209
2020-11-25,5423024,62181
2020-11-26,5487301,64277
2020-11-27,5551482,64181
2020-11-28,5617617,66135
2020-11-29,5665572,47955
2020-11-30,5700392,34820
2020-12-1,5744694,44302
2020-12-2,5805252,60558
2020-12-3,5877212,71960
2020-12-4,5956454,79242
2020-12-5,6034682,78228
2020-12-6,6099718,65036
2020-12-7,6167518,67800
2020-12-8,6231017,63499
2020-12-9,6286181,55164
2020-12-10,6360850,74669
2020-12-11,6424566,63716
2020-12-12,6491551,66985
2020-12-13,6564588,73037
2020-12-14,6619529,54941
2020-12-15,6675959,56430
2020-12-16,6737991,62032
2020-12-17,6800942,62951
2020-12-18,6869564,68622
2020-12-19,6934456,64892
2020-12-20,6986455,51999
2020-12-21,7038666,52211
2020-12-22,7086035,47369
2020-12-23,7148310,62275
2020-12-24,7205757,57447
2020-12-25,7269151,63394
2020-12-26,7326480,57329
2020-12-27,7372129,45649
2020-12-28,7398972,26843
2020-12-29,7443913,44941
2020-12-30,7496782,52869
2020-12-31,7554677,57895
2021-1-1,7607664,52987
2021-1-2,7675010,67346
2021-1-3,7715509,40499
2021-1-4,7735808,20299
2021-1-5,7794549,58741
2021-1-6,7853300,58751
2021-1-7,7904802,51502
2021-1-8,7975747,70945
2021-1-9,8048586,72839
2021-1-10,8106628,58042
2021-1-11,8145981,39353
2021-1-12,8198497,52516
2021-1-13,8255043,56546
2021-1-14,8307622,52579
2021-1-15,8368848,61226
2021-1-16,8433901,65053
2021-1-17,8494845,60944
2021-1-18,8536900,42055
2021-1-19,8584679,47779
2021-1-20,8638607,53928
2021-1-21,8694264,55657
2021-1-22,8756485,62221
2021-1-23,8818645,62160
2021-1-24,8869834,51189
2021-1-25,8909236,39402
2021-1-26,8954749,45513
2021-1-27,8997550,42801
2021-1-28,9050928,53378
2021-1-29,9111901,60973
2021-1-30,9173901,62000
2021-1-31,9228711,54810
2021-2-1,9264604,35893
2021-2-2,9306907,42303
2021-2-3,9329891,22984
2021-2-4,9367185,37294
2021-2-5,9407717,40532
2021-2-6,9459462,51745
2021-2-7,9459462,0
2021-2-8,9459462,0
2021-2-9,9600222,140760
2021-2-10,9634422,34200
2021-2-11,9685927,51505
2021-2-12,9727728,41801
2021-2-13,9799882,72154
2021-2-14,9799882,0
2021-2-15,9799882,0
2021-2-16,9910886,111004
2021-2-17,9945410,34524
2021-2-18,9991280,45870
2021-2-19,10032502,41222
2021-2-20,10070782,38280
2021-2-21,10070782,0
2021-2-22,10121980,51198
2021-2-23,10150802,28822
2021-2-24,10190768,39966
2021-2-25,10244968,54200
2021-2-26,10313734,68766
2021-2-27,10378789,65055
2021-2-28,10378789,0
2021-3-1,10443158,64369
2021-3-2,10476323,33165
2021-3-3,10514461,38138
2021-3-4,10569767,55306
2021-3-5,10629284,59517
2021-3-6,10629284,0
2021-3-7,10681716,52432
