Date,RIDATA.TotalTestResults,RIDATA.TotalTestResultsInc
2020-3-1,0,0
2020-3-2,4,4
2020-3-3,5,1
2020-3-4,7,2
2020-3-5,19,12
2020-3-6,23,4
2020-3-7,36,13
2020-3-8,55,19
2020-3-9,73,18
2020-3-10,89,16
2020-3-11,116,27
2020-3-12,150,34
2020-3-13,201,51
2020-3-14,257,56
2020-3-15,347,90
2020-3-16,402,55
2020-3-17,499,97
2020-3-18,673,174
2020-3-19,798,125
2020-3-20,1075,277
2020-3-21,1286,211
2020-3-22,1424,138
2020-3-23,1733,309
2020-3-24,1916,183
2020-3-25,2179,263
2020-3-26,2387,208
2020-3-27,2603,216
2020-3-28,2844,241
2020-3-29,3163,319
2020-3-30,3613,450
2020-3-31,3897,284
2020-4-1,4337,440
2020-4-2,5134,797
2020-4-3,5663,529
2020-4-4,6545,882
2020-4-5,7348,803
2020-4-6,8691,1343
2020-4-7,10615,1924
2020-4-8,12528,1913
2020-4-9,14538,2010
2020-4-10,16337,1799
2020-4-11,19330,2993
2020-4-12,21532,2202
2020-4-13,23516,1984
2020-4-14,24612,1096
2020-4-15,26688,2076
2020-4-16,28838,2150
2020-4-17,31779,2941
2020-4-18,33904,2125
2020-4-19,35950,2046
2020-4-20,38378,2428
2020-4-21,40679,2301
2020-4-22,43233,2554
2020-4-23,46041,2808
2020-4-24,48990,2949
2020-4-25,52765,3775
2020-4-26,55364,2599
2020-4-27,57989,2625
2020-4-28,59858,1869
2020-4-29,62531,2673
2020-4-30,66350,3819
2020-5-1,69551,3201
2020-5-2,73091,3540
2020-5-3,75274,2183
2020-5-4,77717,2443
2020-5-5,80202,2485
2020-5-6,83508,3306
2020-5-7,86825,3317
2020-5-8,90219,3394
2020-5-9,93176,2957
2020-5-10,96976,3800
2020-5-11,99373,2397
2020-5-12,101487,2114
2020-5-13,104485,2998
2020-5-14,108466,3981
2020-5-15,112203,3737
2020-5-16,116042,3839
2020-5-17,120632,4590
2020-5-18,123631,2999
2020-5-19,125882,2251
2020-5-20,129465,3583
2020-5-21,132561,3096
2020-5-22,136692,4131
2020-5-23,140202,3510
2020-5-24,143184,2982
2020-5-25,144705,1521
2020-5-26,146224,1519
2020-5-27,149128,2904
2020-5-28,151469,2341
2020-5-29,155185,3716
2020-5-30,159525,4340
2020-5-31,163648,4123
2020-6-1,165474,1826
2020-6-2,168468,2994
2020-6-3,171766,3298
2020-6-4,175501,3735
2020-6-5,180235,4734
2020-6-6,183962,3727
2020-6-7,186766,2804
2020-6-8,188453,1687
2020-6-9,190419,1966
2020-6-10,193309,2890
2020-6-11,196488,3179
2020-6-12,200175,3687
2020-6-13,204980,4805
2020-6-14,208110,3130
2020-6-15,210220,2110
2020-6-16,213504,3284
2020-6-17,216622,3118
2020-6-18,219563,2941
2020-6-19,222743,3180
2020-6-20,226642,3899
2020-6-21,228600,1958
2020-6-22,229672,1072
2020-6-23,233518,3846
2020-6-24,237506,3988
2020-6-25,241120,3614
2020-6-26,244091,2971
2020-6-27,246628,2537
2020-6-28,249912,3284
2020-6-29,251398,1486
2020-6-30,255154,3756
2020-7-1,257151,1997
2020-7-2,261389,4238
2020-7-3,264265,2876
2020-7-4,266322,2057
2020-7-5,268696,2374
2020-7-6,271658,2962
2020-7-7,274545,2887
2020-7-8,278058,3513
2020-7-9,281535,3477
2020-7-10,285282,3747
2020-7-11,289789,4507
2020-7-12,292723,2934
2020-7-13,294527,1804
2020-7-14,297749,3222
2020-7-15,301062,3313
2020-7-16,305294,4232
2020-7-17,309068,3774
2020-7-18,313327,4259
2020-7-19,316540,3213
2020-7-20,319187,2647
2020-7-21,321849,2662
2020-7-22,326177,4328
2020-7-23,330072,3895
2020-7-24,334238,4166
2020-7-25,340063,5825
2020-7-26,344434,4371
2020-7-27,347435,3001
2020-7-28,351472,4037
2020-7-29,355196,3724
2020-7-30,360095,4899
2020-7-31,364126,4031
2020-8-1,369302,5176
2020-8-2,373276,3974
2020-8-3,376009,2733
2020-8-4,380973,4964
2020-8-5,384487,3514
2020-8-6,389969,5482
2020-8-7,394749,4780
2020-8-8,398976,4227
2020-8-9,402375,3399
2020-8-10,403932,1557
2020-8-11,408074,4142
2020-8-12,412049,3975
2020-8-13,416203,4154
2020-8-14,420733,4530
2020-8-15,425315,4582
2020-8-16,428977,3662
2020-8-17,431005,2028
2020-8-18,436191,5186
2020-8-19,440127,3936
2020-8-20,444574,4447
2020-8-21,454977,10403
2020-8-22,464672,9695
2020-8-23,470162,5490
2020-8-24,473670,3508
2020-8-25,479383,5713
2020-8-26,485026,5643
2020-8-27,495575,10549
2020-8-28,504904,9329
2020-8-29,515142,10238
2020-8-30,520478,5336
2020-8-31,524414,3936
2020-9-1,530488,6074
2020-9-2,536139,5651
2020-9-3,547593,11454
2020-9-4,557522,9929
2020-9-5,570929,13407
2020-9-6,577163,6234
2020-9-7,581174,4011
2020-9-8,582612,1438
2020-9-9,598317,15705
2020-9-10,606906,8589
2020-9-11,615683,8777
2020-9-12,628091,12408
2020-9-13,633510,5419
2020-9-14,635718,2208
2020-9-15,642567,6849
2020-9-16,654103,11536
2020-9-17,665926,11823
2020-9-18,675108,9182
2020-9-19,679854,4746
2020-9-20,688145,8291
2020-9-21,690281,2136
2020-9-22,696808,6527
2020-9-23,706578,9770
2020-9-24,717047,10469
2020-9-25,727469,10422
2020-9-26,741963,14494
2020-9-27,751148,9185
2020-9-28,753156,2008
2020-9-29,760228,7072
2020-9-30,769822,9594
2020-10-1,786200,16378
2020-10-2,797014,10814
2020-10-3,809951,12937
2020-10-4,818752,8801
2020-10-5,820305,1553
2020-10-6,828014,7709
2020-10-7,838482,10468
2020-10-8,859429,20947
2020-10-9,864638,5209
2020-10-10,882750,18112
2020-10-11,896450,13700
2020-10-12,899794,3344
2020-10-13,905649,5855
2020-10-14,912259,6610
2020-10-15,927184,14925
2020-10-16,935623,8439
2020-10-17,961007,25384
2020-10-18,974984,13977
2020-10-19,977911,2927
2020-10-20,985320,7409
2020-10-21,998560,13240
2020-10-22,1015720,17160
2020-10-23,1034572,18852
2020-10-24,1053254,18682
2020-10-25,1063217,9963
2020-10-26,1067142,3925
2020-10-27,1077670,10528
2020-10-28,1091988,14318
2020-10-29,1106382,14394
2020-10-30,1124307,17925
2020-10-31,1141927,17620
2020-11-1,1153827,11900
2020-11-2,1158387,4560
2020-11-3,1170059,11672
2020-11-4,1184359,14300
2020-11-5,1200751,16392
2020-11-6,1217916,17165
2020-11-7,1239824,21908
2020-11-8,1253664,13840
2020-11-9,1257639,3975
2020-11-10,1267275,9636
2020-11-11,1281145,13870
2020-11-12,1301286,20141
2020-11-13,1315383,14097
2020-11-14,1335759,20376
2020-11-15,1349522,13763
2020-11-16,1355717,6195
2020-11-17,1365592,9875
2020-11-18,1384565,18973
2020-11-19,1401163,16598
2020-11-20,1416028,14865
2020-11-21,1442350,26322
2020-11-22,1460403,18053
2020-11-23,1468082,7679
2020-11-24,1479845,11763
2020-11-25,1492195,12350
2020-11-26,1512163,19968
2020-11-27,1519021,6858
2020-11-28,1530255,11234
2020-11-29,1543046,12791
2020-11-30,1550160,7114
2020-12-1,1561914,11754
2020-12-2,1574531,12617
2020-12-3,1594007,19476
2020-12-4,1608848,14841
2020-12-5,1629991,21143
2020-12-6,1643765,13774
2020-12-7,1651621,7856
2020-12-8,1663288,11667
2020-12-9,1681329,18041
2020-12-10,1694802,13473
2020-12-11,1717567,22765
2020-12-12,1737196,19629
2020-12-13,1751310,14114
2020-12-14,1758958,7648
2020-12-15,1771434,12476
2020-12-16,1786663,15229
2020-12-17,1806204,19541
2020-12-18,1817360,11156
2020-12-19,1831910,14550
2020-12-20,1849524,17614
2020-12-21,1856717,7193
2020-12-22,1869428,12711
2020-12-23,1887457,18029
2020-12-24,1908514,21057
2020-12-25,1926297,17783
2020-12-26,1929801,3504
2020-12-27,1939989,10188
2020-12-28,1948107,8118
2020-12-29,1961246,13139
2020-12-30,1974498,13252
2020-12-31,2000782,26284
2021-1-1,2015456,14674
2021-1-2,2027055,11599
2021-1-3,2037684,10629
2021-1-4,2046375,8691
2021-1-5,2059444,13069
2021-1-6,2079925,20481
2021-1-7,2099745,19820
2021-1-8,2115967,16222
2021-1-9,2140304,24337
2021-1-10,2158492,18188
2021-1-11,2166820,8328
2021-1-12,2179821,13001
2021-1-13,2199630,19809
2021-1-14,2219805,20175
2021-1-15,2242295,22490
2021-1-16,2262549,20254
2021-1-17,2279786,17237
2021-1-18,2289265,9479
2021-1-19,2298001,8736
2021-1-20,2313909,15908
2021-1-21,2340681,26772
2021-1-22,2363131,22450
2021-1-23,2390238,27107
2021-1-24,2410025,19787
2021-1-25,2418019,7994
2021-1-26,2431923,13904
2021-1-27,2451147,19224
2021-1-28,2474030,22883
2021-1-29,2497271,23241
2021-1-30,2522026,24755
2021-1-31,2538794,16768
2021-2-1,2545504,6710
2021-2-2,2553744,8240
2021-2-3,2568323,14579
2021-2-4,2589083,20760
2021-2-5,2611257,22174
2021-2-6,2645052,33795
2021-2-7,2662762,17710
2021-2-8,2667850,5088
2021-2-9,2673348,5498
2021-2-10,2691022,17674
2021-2-11,2714191,23169
2021-2-12,2736973,22782
2021-2-13,2760374,23401
2021-2-14,2774464,14090
2021-2-15,2780439,5975
2021-2-16,2790996,10557
2021-2-17,2810326,19330
2021-2-18,2832361,22035
2021-2-19,2853784,21423
2021-2-20,2874434,20650
2021-2-21,2885345,10911
2021-2-22,2891439,6094
2021-2-23,2902822,11383
2021-2-24,2922011,19189
2021-2-25,2946696,24685
2021-2-26,2968641,21945
2021-2-27,2990443,21802
2021-2-28,3005523,15080
2021-3-1,3011311,5788
2021-3-2,3022306,10995
2021-3-3,3041681,19375
2021-3-4,3065112,23431
2021-3-5,3087981,22869
2021-3-6,3109835,21854
2021-3-7,3123348,13513
