Date,SCDATA.TotalTestResults,SCDATA.TotalTestResultsInc
2020-3-4,5,0
2020-3-5,5,0
2020-3-6,5,0
2020-3-7,10,5
2020-3-8,10,0
2020-3-9,31,21
2020-3-10,31,0
2020-3-11,41,10
2020-3-12,58,17
2020-3-13,87,29
2020-3-14,123,36
2020-3-15,173,50
2020-3-16,263,90
2020-3-17,344,81
2020-3-18,643,299
2020-3-19,643,0
2020-3-20,914,271
2020-3-21,1407,493
2020-3-22,1661,254
2020-3-23,1764,103
2020-3-24,2310,546
2020-3-25,2727,417
2020-3-26,2763,36
2020-3-27,2763,0
2020-3-28,2947,184
2020-3-29,3789,842
2020-3-30,5085,1296
2020-3-31,5699,614
2020-4-1,6326,627
2020-4-2,6995,669
2020-4-3,6995,0
2020-4-4,18314,11319
2020-4-5,18976,662
2020-4-6,18976,0
2020-4-7,23680,4704
2020-4-8,24634,954
2020-4-9,27367,2733
2020-4-10,28183,816
2020-4-11,30093,1910
2020-4-12,31425,1332
2020-4-13,31425,0
2020-4-14,33872,2447
2020-4-15,34733,861
2020-4-16,34733,0
2020-4-17,36284,1551
2020-4-18,38833,2549
2020-4-19,40480,1647
2020-4-20,40480,0
2020-4-21,41277,797
2020-4-22,43111,1834
2020-4-23,44463,1352
2020-4-24,44463,0
2020-4-25,49014,4551
2020-4-26,50761,1747
2020-4-27,50761,0
2020-4-28,52145,1384
2020-4-29,54217,2072
2020-4-30,56512,2295
2020-5-1,59379,2867
2020-5-2,61616,2237
2020-5-3,64188,2572
2020-5-4,64188,0
2020-5-5,67771,3583
2020-5-6,77482,9711
2020-5-7,77482,0
2020-5-8,73442,0
2020-5-9,80963,7521
2020-5-10,84457,3494
2020-5-11,84457,0
2020-5-12,93140,8683
2020-5-13,93140,0
2020-5-14,102535,9395
2020-5-15,109616,7081
2020-5-16,109616,0
2020-5-17,120486,10870
2020-5-18,131559,11073
2020-5-19,135063,3504
2020-5-20,135063,0
2020-5-21,138238,3175
2020-5-22,150023,11785
2020-5-23,158910,8887
2020-5-24,163947,5037
2020-5-25,166020,2073
2020-5-26,172734,6714
2020-5-27,175683,2949
2020-5-28,182249,6566
2020-5-29,188257,6008
2020-5-30,189519,1262
2020-5-31,200216,10697
2020-6-1,204688,4472
2020-6-2,218777,14089
2020-6-3,222925,4148
2020-6-4,230851,7926
2020-6-5,231299,448
2020-6-6,232744,1445
2020-6-7,237859,5115
2020-6-8,244661,6802
2020-6-9,247982,3321
2020-6-10,252532,4550
2020-6-11,230057,0
2020-6-12,236059,6002
2020-6-13,241906,5847
2020-6-14,248336,6430
2020-6-15,255557,7221
2020-6-16,267679,12122
2020-6-17,272754,5075
2020-6-18,280523,7769
2020-6-19,288300,7777
2020-6-20,296249,7949
2020-6-21,302667,6418
2020-6-22,303880,1213
2020-6-23,309251,5371
2020-6-24,318208,8957
2020-6-25,333358,15150
2020-6-26,334671,1313
2020-6-27,351164,16493
2020-6-28,359802,8638
2020-6-29,369305,9503
2020-6-30,380572,11267
2020-7-1,389872,9300
2020-7-2,401401,11529
2020-7-3,409032,7631
2020-7-4,420693,11661
2020-7-5,430809,10116
2020-7-6,439857,9048
2020-7-7,445291,5434
2020-7-8,453840,8549
2020-7-9,463765,9925
2020-7-10,475235,11470
2020-7-11,488090,12855
2020-7-12,492508,4418
2020-7-13,507101,14593
2020-7-14,517481,10380
2020-7-15,525983,8502
2020-7-16,539964,13981
2020-7-17,553375,13411
2020-7-18,561993,8618
2020-7-19,577386,15393
2020-7-20,588316,10930
2020-7-21,598693,10377
2020-7-22,609160,10467
2020-7-23,618474,9314
2020-7-24,629372,10898
2020-7-25,638490,9118
2020-7-26,647813,9323
2020-7-27,658901,11088
2020-7-28,670330,11429
2020-7-29,680990,10660
2020-7-30,691391,10401
2020-7-31,692835,1444
2020-8-1,711869,19034
2020-8-2,722257,10388
2020-8-3,731675,9418
2020-8-4,740457,8782
2020-8-5,748622,8165
2020-8-6,756145,7523
2020-8-7,767961,11816
2020-8-8,778075,10114
2020-8-9,785984,7909
2020-8-10,791630,5646
2020-8-11,796351,4721
2020-8-12,800089,3738
2020-8-13,806028,5939
2020-8-14,851784,45756
2020-8-15,860400,8616
2020-8-16,867601,7201
2020-8-17,873547,5946
2020-8-18,878481,4934
2020-8-19,884128,5647
2020-8-20,892800,8672
2020-8-21,903181,10381
2020-8-22,912132,8951
2020-8-23,892336,0
2020-8-24,896477,4141
2020-8-25,906107,9630
2020-8-26,910079,3972
2020-8-27,918019,7940
2020-8-28,926509,8490
2020-8-29,935623,9114
2020-8-30,942873,7250
2020-8-31,949548,6675
2020-9-1,954402,4854
2020-9-2,959032,4630
2020-9-3,969425,10393
2020-9-4,981984,12559
2020-9-5,993927,11943
2020-9-6,1001225,7298
2020-9-7,1009710,8485
2020-9-8,1014151,4441
2020-9-9,1017319,3168
2020-9-10,1032459,15140
2020-9-11,1044476,12017
2020-9-12,1054872,10396
2020-9-13,1071863,16991
2020-9-14,1088473,16610
2020-9-15,1074737,0
2020-9-16,1080922,6185
2020-9-17,1087587,6665
2020-9-18,1111404,23817
2020-9-19,1123265,11861
2020-9-20,1132595,9330
2020-9-21,1144118,11523
2020-9-22,1172484,28366
2020-9-23,1190584,18100
2020-9-24,1207106,16522
2020-9-25,1226467,19361
2020-9-26,1242797,16330
2020-9-27,1252538,9741
2020-9-28,1273928,21390
2020-9-29,1300414,26486
2020-9-30,1309098,8684
2020-10-1,1316454,7356
2020-10-2,1338052,21598
2020-10-3,1339758,1706
2020-10-4,1378086,38328
2020-10-5,1389106,11020
2020-10-6,1403136,14030
2020-10-7,1410596,7460
2020-10-8,1430639,20043
2020-10-9,1452568,21929
2020-10-10,1470311,17743
2020-10-11,1484658,14347
2020-10-12,1497817,13159
2020-10-13,1511481,13664
2020-10-14,1526565,15084
2020-10-15,1546608,20043
2020-10-16,1566317,19709
2020-10-17,1585051,18734
2020-10-18,1601263,16212
2020-10-19,1610200,8937
2020-10-20,1619922,9722
2020-10-21,1633549,13627
2020-10-22,1649351,15802
2020-10-23,1667501,18150
2020-10-24,1679084,11583
2020-10-25,1706414,27330
2020-10-26,1733232,26818
2020-10-27,1745026,11794
2020-10-28,1753781,8755
2020-10-29,1773742,19961
2020-10-30,1788360,14618
2020-10-31,1802050,13690
2020-11-1,1827352,25302
2020-11-2,1842038,14686
2020-11-3,1855123,13085
2020-11-4,1865888,10765
2020-11-5,1873285,7397
2020-11-6,1897097,23812
2020-11-7,1944928,47831
2020-11-8,1959102,14174
2020-11-9,1967225,8123
2020-11-10,1988512,21287
2020-11-11,2000709,12197
2020-11-12,2020945,20236
2020-11-13,2030994,10049
2020-11-14,2072140,41146
2020-11-15,2090589,18449
2020-11-16,2105533,14944
2020-11-17,2122323,16790
2020-11-18,2138289,15966
2020-11-19,2162127,23838
2020-11-20,2192748,30621
2020-11-21,2225252,32504
2020-11-22,2246568,21316
2020-11-23,2267605,21037
2020-11-24,2287492,19887
2020-11-25,2308163,20671
2020-11-26,2308163,0
2020-11-27,2339037,30874
2020-11-28,2370233,31196
2020-11-29,2386587,16354
2020-11-30,2399463,12876
2020-12-1,2417026,17563
2020-12-2,2432901,15875
2020-12-3,2449100,16199
2020-12-4,2474899,25799
2020-12-5,2503921,29022
2020-12-6,2528191,24270
2020-12-7,2554866,26675
2020-12-8,2581328,26462
2020-12-9,2596781,15453
2020-12-10,2614236,17455
2020-12-11,2651756,37520
2020-12-12,2655328,3572
2020-12-13,2719621,64293
2020-12-14,2745200,25579
2020-12-15,2769559,24359
2020-12-16,2791674,22115
2020-12-17,2808022,16348
2020-12-18,2844895,36873
2020-12-19,2871621,26726
2020-12-20,2897011,25390
2020-12-21,2916627,19616
2020-12-22,2942180,25553
2020-12-23,2975719,33539
2020-12-24,2998755,23036
2020-12-25,2998755,0
2020-12-26,3031335,32580
2020-12-27,3102884,71549
2020-12-28,3117127,14243
2020-12-29,3133285,16158
2020-12-30,3150834,17549
2020-12-31,3173021,22187
2021-1-1,3173021,0
2021-1-2,3204255,31234
2021-1-3,3261427,57172
2021-1-4,3282238,20811
2021-1-5,3298481,16243
2021-1-6,3326876,28395
2021-1-7,3356854,29978
2021-1-8,3398114,41260
2021-1-9,3434733,36619
2021-1-10,3466585,31852
2021-1-11,3488615,22030
2021-1-12,3498188,9573
2021-1-13,3535436,37248
2021-1-14,3576120,40684
2021-1-15,3609752,33632
2021-1-16,3663312,53560
2021-1-17,3713908,50596
2021-1-18,3745465,31557
2021-1-19,3772941,27476
2021-1-20,3823586,50645
2021-1-21,3862267,38681
2021-1-22,3900531,38264
2021-1-23,3944118,43587
2021-1-24,3985112,40994
2021-1-25,4021106,35994
2021-1-26,4048626,27520
2021-1-27,4072097,23471
2021-1-28,4099194,27097
2021-1-29,4147778,48584
2021-1-30,4188261,40483
2021-1-31,4227525,39264
2021-2-1,4258793,31268
2021-2-2,4284337,25544
2021-2-3,4300686,16349
2021-2-4,4325898,25212
2021-2-5,4391292,65394
2021-2-6,4426262,34970
2021-2-7,4463062,36800
2021-2-8,4494804,31742
2021-2-9,4514722,19918
2021-2-10,4534832,20110
2021-2-11,4556983,22151
2021-2-12,4595965,38982
2021-2-13,4631748,35783
2021-2-14,4672026,40278
2021-2-15,4697137,25111
2021-2-16,4718931,21794
2021-2-17,4729746,10815
2021-2-18,4752459,22713
2021-2-19,4780728,28269
2021-2-20,4810327,29599
2021-2-21,4847710,37383
2021-2-22,4848302,592
2021-2-23,4849625,1323
2021-2-24,4905303,55678
2021-2-25,4932992,27689
2021-2-26,4966441,33449
2021-2-27,5000460,34019
2021-2-28,5027738,27278
2021-3-1,5053310,25572
2021-3-2,5068421,15111
2021-3-3,5078144,9723
2021-3-4,5099813,21669
2021-3-5,5126807,26994
2021-3-6,5155780,28973
2021-3-7,5183044,27264
