Date,UTDATA.TotalTestResults,UTDATA.TotalTestResultsInc
2020-3-7,16,0
2020-3-8,27,11
2020-3-9,34,7
2020-3-10,46,12
2020-3-11,72,26
2020-3-12,130,58
2020-3-13,223,93
2020-3-14,395,172
2020-3-15,691,296
2020-3-16,1037,346
2020-3-17,1502,465
2020-3-18,2055,553
2020-3-19,2660,605
2020-3-20,3518,858
2020-3-21,4146,628
2020-3-22,4768,622
2020-3-23,5921,1153
2020-3-24,6728,807
2020-3-25,8032,1304
2020-3-26,9824,1792
2020-3-27,12545,2721
2020-3-28,15441,2896
2020-3-29,18167,2726
2020-3-30,19567,1400
2020-3-31,21930,2363
2020-4-1,24843,2913
2020-4-2,27219,2376
2020-4-3,29937,2718
2020-4-4,32429,2492
2020-4-5,34477,2048
2020-4-6,35915,1438
2020-4-7,38310,2395
2020-4-8,40803,2493
2020-4-9,43090,2287
2020-4-10,45241,2151
2020-4-11,47426,2185
2020-4-12,48937,1511
2020-4-13,49776,839
2020-4-14,51520,1744
2020-4-15,54721,3201
2020-4-16,57890,3169
2020-4-17,62151,4261
2020-4-18,66815,4664
2020-4-19,71179,4364
2020-4-20,74337,3158
2020-4-21,80029,5692
2020-4-22,85088,5059
2020-4-23,90692,5604
2020-4-24,95384,4692
2020-4-25,100071,4687
2020-4-26,104400,4329
2020-4-27,106737,2337
2020-4-28,110440,3703
2020-4-29,115190,4750
2020-4-30,119239,4049
2020-5-1,123002,3763
2020-5-2,128759,5757
2020-5-3,132150,3391
2020-5-4,135825,3675
2020-5-5,139119,3294
2020-5-6,143697,4578
2020-5-7,148629,4932
2020-5-8,153639,5010
2020-5-9,158508,4869
2020-5-10,161647,3139
2020-5-11,163829,2182
2020-5-12,167238,3409
2020-5-13,172196,4958
2020-5-14,175957,3761
2020-5-15,180170,4213
2020-5-16,184268,4098
2020-5-17,188334,4066
2020-5-18,191634,3300
2020-5-19,195851,4217
2020-5-20,200417,4566
2020-5-21,204647,4230
2020-5-22,208571,3924
2020-5-23,212887,4316
2020-5-24,216999,4112
2020-5-25,219775,2776
2020-5-26,222051,2276
2020-5-27,225400,3349
2020-5-28,229920,4520
2020-5-29,233996,4076
2020-5-30,238969,4973
2020-5-31,243809,4840
2020-6-1,247517,3708
2020-6-2,252408,4891
2020-6-3,256527,4119
2020-6-4,261621,5094
2020-6-5,266259,4638
2020-6-6,272206,5947
2020-6-7,277043,4837
2020-6-8,280841,3798
2020-6-9,286208,5367
2020-6-10,292607,6399
2020-6-11,298016,5409
2020-6-12,303200,5184
2020-6-13,309611,6411
2020-6-14,314902,5291
2020-6-15,319410,4508
2020-6-16,324516,5106
2020-6-17,329482,4966
2020-6-18,334477,4995
2020-6-19,340914,6437
2020-6-20,347717,6803
2020-6-21,353834,6117
2020-6-22,358297,4463
2020-6-23,364018,5721
2020-6-24,370357,6339
2020-6-25,377231,6874
2020-6-26,383439,6208
2020-6-27,391199,7760
2020-6-28,398641,7442
2020-6-29,405451,6810
2020-6-30,412688,7237
2020-7-1,419399,6711
2020-7-2,427339,7940
2020-7-3,435246,7907
2020-7-4,442733,7487
2020-7-5,446901,4168
2020-7-6,451063,4162
2020-7-7,458873,7810
2020-7-8,465902,7029
2020-7-9,473562,7660
2020-7-10,481905,8343
2020-7-11,490600,8695
2020-7-12,498119,7519
2020-7-13,504062,5943
2020-7-14,514103,10041
2020-7-15,522568,8465
2020-7-16,531937,9369
2020-7-17,540797,8860
2020-7-18,549505,8708
2020-7-19,556545,7040
2020-7-20,562823,6278
2020-7-21,570382,7559
2020-7-22,578335,7953
2020-7-23,586630,8295
2020-7-24,594612,7982
2020-7-25,602705,8093
2020-7-26,607376,4671
2020-7-27,613005,5629
2020-7-28,619636,6631
2020-7-29,626711,7075
2020-7-30,633980,7269
2020-7-31,640348,6368
2020-8-1,647562,7214
2020-8-2,653288,5726
2020-8-3,657549,4261
2020-8-4,663626,6077
2020-8-5,670353,6727
2020-8-6,677483,7130
2020-8-7,685120,7637
2020-8-8,691597,6477
2020-8-9,697654,6057
2020-8-10,702065,4411
2020-8-11,706258,4193
2020-8-12,712032,5774
2020-8-13,718393,6361
2020-8-14,724605,6212
2020-8-15,731112,6507
2020-8-16,736581,5469
2020-8-17,741473,4892
2020-8-18,746980,5507
2020-8-19,753575,6595
2020-8-20,760456,6881
2020-8-21,765911,5455
2020-8-22,773059,7148
2020-8-23,777987,4928
2020-8-24,782184,4197
2020-8-25,787329,5145
2020-8-26,793302,5973
2020-8-27,800071,6769
2020-8-28,805707,5636
2020-8-29,812895,7188
2020-8-30,819030,6135
2020-8-31,823027,3997
2020-9-1,828090,5063
2020-9-2,834855,6765
2020-9-3,841527,6672
2020-9-4,848509,6982
2020-9-5,855421,6912
2020-9-6,862207,6786
2020-9-7,866039,3832
2020-9-8,869474,3435
2020-9-9,873687,4213
2020-9-10,880135,6448
2020-9-11,888112,7977
2020-9-12,896312,8200
2020-9-13,902549,6237
2020-9-14,906622,4073
2020-9-15,914423,7801
2020-9-16,923462,9039
2020-9-17,932632,9170
2020-9-18,941801,9169
2020-9-19,952067,10266
2020-9-20,961058,8991
2020-9-21,967049,5991
2020-9-22,975211,8162
2020-9-23,986091,10880
2020-9-24,998113,12022
2020-9-25,1008006,9893
2020-9-26,1020427,12421
2020-9-27,1029828,9401
2020-9-28,1036100,6272
2020-9-29,1045019,8919
2020-9-30,1056118,11099
2020-10-1,1066905,10787
2020-10-2,1078399,11494
2020-10-3,1089734,11335
2020-10-4,1099329,9595
2020-10-5,1106862,7533
2020-10-6,1117631,10769
2020-10-7,1129819,12188
2020-10-8,1142324,12505
2020-10-9,1155601,13277
2020-10-10,1168570,12969
2020-10-11,1179384,10814
2020-10-12,1185818,6434
2020-10-13,1194421,8603
2020-10-14,1206166,11745
2020-10-15,1219473,13307
2020-10-16,1231602,12129
2020-10-17,1243404,11802
2020-10-18,1252983,9579
2020-10-19,1260142,7159
2020-10-20,1268464,8322
2020-10-21,1280311,11847
2020-10-22,1293019,12708
2020-10-23,1305371,12352
2020-10-24,1318345,12974
2020-10-25,1329460,11115
2020-10-26,1334119,4659
2020-10-27,1337238,3119
2020-10-28,1346969,9731
2020-10-29,1361952,14983
2020-10-30,1377493,15541
2020-10-31,1389062,11569
2020-11-1,1398355,9293
2020-11-2,1410145,11790
2020-11-3,1420855,10710
2020-11-4,1429386,8531
2020-11-5,1447849,18463
2020-11-6,1463556,15707
2020-11-7,1480537,16981
2020-11-8,1492793,12256
2020-11-9,1505580,12787
2020-11-10,1522009,16429
2020-11-11,1534980,12971
2020-11-12,1551650,16670
2020-11-13,1567347,15697
2020-11-14,1588754,21407
2020-11-15,1601793,13039
2020-11-16,1615313,13520
2020-11-17,1629097,13784
2020-11-18,1645292,16195
2020-11-19,1667260,21968
2020-11-20,1688789,21529
2020-11-21,1706604,17815
2020-11-22,1725711,19107
2020-11-23,1735824,10113
2020-11-24,1753460,17636
2020-11-25,1765766,12306
2020-11-26,1765766,0
2020-11-27,1797403,31637
2020-11-28,1808085,10682
2020-11-29,1817032,8947
2020-11-30,1824046,7014
2020-12-1,1835594,11548
2020-12-2,1848316,12722
2020-12-3,1866057,17741
2020-12-4,1887656,21599
2020-12-5,1907788,20132
2020-12-6,1922236,14448
2020-12-7,1933554,11318
2020-12-8,1944485,10931
2020-12-9,1959891,15406
2020-12-10,1976803,16912
2020-12-11,1991789,14986
2020-12-12,2009755,17966
2020-12-13,2024335,14580
2020-12-14,2033175,8840
2020-12-15,2043380,10205
2020-12-16,2058906,15526
2020-12-17,2076195,17289
2020-12-18,2091694,15499
2020-12-19,2105617,13923
2020-12-20,2119026,13409
2020-12-21,2129065,10039
2020-12-22,2141321,12256
2020-12-23,2155708,14387
2020-12-24,2171768,16060
2020-12-25,2171768,0
2020-12-26,2192624,20856
2020-12-27,2195885,3261
2020-12-28,2203605,7720
2020-12-29,2214069,10464
2020-12-30,2227885,13816
2020-12-31,2245303,17418
2021-1-1,2245303,0
2021-1-2,2268187,22884
2021-1-3,2274838,6651
2021-1-4,2284687,9849
2021-1-5,2295396,10709
2021-1-6,2312383,16987
2021-1-7,2332387,20004
2021-1-8,2349366,16979
2021-1-9,2362020,12654
2021-1-10,2373998,11978
2021-1-11,2381850,7852
2021-1-12,2394548,12698
2021-1-13,2406992,12444
2021-1-14,2421802,14810
2021-1-15,2436305,14503
2021-1-16,2448874,12569
2021-1-17,2458733,9859
2021-1-18,2465673,6940
2021-1-19,2472897,7224
2021-1-20,2485476,12579
2021-1-21,2498162,12686
2021-1-22,2510554,12392
2021-1-23,2518969,8415
2021-1-24,2529796,10827
2021-1-25,2536306,6510
2021-1-26,2545013,8707
2021-1-27,2557878,12865
2021-1-28,2573911,16033
2021-1-29,2586391,12480
2021-1-30,2598403,12012
2021-1-31,2607358,8955
2021-2-1,2613818,6460
2021-2-2,2623440,9622
2021-2-3,2635985,12545
2021-2-4,2646744,10759
2021-2-5,2658072,11328
2021-2-6,2668996,10924
2021-2-7,2677079,8083
2021-2-8,2683416,6337
2021-2-9,2688842,5426
2021-2-10,2700294,11452
2021-2-11,2712198,11904
2021-2-12,2723333,11135
2021-2-13,2732808,9475
2021-2-14,2739498,6690
2021-2-15,2745234,5736
2021-2-16,2750915,5681
2021-2-17,2760128,9213
2021-2-18,2772120,11992
2021-2-19,2780070,7950
2021-2-20,2788882,8812
2021-2-21,2796344,7462
2021-2-22,2801118,4774
2021-2-23,2809360,8242
2021-2-24,2819300,9940
2021-2-25,2829905,10605
2021-2-26,2838991,9086
2021-2-27,2847706,8715
2021-2-28,2853915,6209
2021-3-1,2859188,5273
2021-3-2,2865473,6285
2021-3-3,2876176,10703
2021-3-4,2886369,10193
2021-3-5,2895082,8713
2021-3-6,2903293,8211
2021-3-7,2910121,6828
