Date,VTDATA.TotalTestResults,VTDATA.TotalTestResultsInc
2020-3-3,0,0
2020-3-4,3,3
2020-3-5,6,3
2020-3-6,10,4
2020-3-7,17,7
2020-3-8,26,9
2020-3-9,31,5
2020-3-10,38,7
2020-3-11,66,28
2020-3-12,99,33
2020-3-13,149,50
2020-3-14,238,89
2020-3-15,370,132
2020-3-16,428,58
2020-3-17,549,121
2020-3-18,811,262
2020-3-19,1135,324
2020-3-20,1422,287
2020-3-21,1457,35
2020-3-22,1547,90
2020-3-23,1724,177
2020-3-24,1878,154
2020-3-25,2144,266
2020-3-26,3051,907
2020-3-27,3248,197
2020-3-28,3608,360
2020-3-29,3917,309
2020-3-30,4102,185
2020-3-31,4447,345
2020-4-1,4662,215
2020-4-2,4871,209
2020-4-3,5380,509
2020-4-4,5891,511
2020-4-5,6493,602
2020-4-6,6882,389
2020-4-7,7394,512
2020-4-8,7787,393
2020-4-9,8164,377
2020-4-10,8472,308
2020-4-11,9061,589
2020-4-12,9609,548
2020-4-13,10115,506
2020-4-14,10342,227
2020-4-15,10768,426
2020-4-16,11133,365
2020-4-17,11684,551
2020-4-18,12186,502
2020-4-19,12481,295
2020-4-20,12788,307
2020-4-21,12947,159
2020-4-22,13326,379
2020-4-23,13929,603
2020-4-24,14408,479
2020-4-25,15166,758
2020-4-26,15566,400
2020-4-27,16137,571
2020-4-28,16430,293
2020-4-29,16595,165
2020-4-30,16851,256
2020-5-1,17899,1048
2020-5-2,18383,484
2020-5-3,18851,468
2020-5-4,19414,563
2020-5-5,19605,191
2020-5-6,20063,458
2020-5-7,20285,222
2020-5-8,20899,614
2020-5-9,21414,515
2020-5-10,21962,548
2020-5-11,22680,718
2020-5-12,23023,343
2020-5-13,23439,416
2020-5-14,24168,729
2020-5-15,24785,617
2020-5-16,25386,601
2020-5-17,26034,648
2020-5-18,26706,672
2020-5-19,27349,643
2020-5-20,27944,595
2020-5-21,29221,1277
2020-5-22,30046,825
2020-5-23,31412,1366
2020-5-24,32620,1208
2020-5-25,33503,883
2020-5-26,34175,672
2020-5-27,34411,236
2020-5-28,35332,921
2020-5-29,36266,934
2020-5-30,37761,1495
2020-5-31,39281,1520
2020-6-1,40736,1455
2020-6-2,41413,677
2020-6-3,42152,739
2020-6-4,43602,1450
2020-6-5,44752,1150
2020-6-6,46064,1312
2020-6-7,47855,1791
2020-6-8,49482,1627
2020-6-9,50029,547
2020-6-10,51248,1219
2020-6-11,52922,1674
2020-6-12,54627,1705
2020-6-13,56187,1560
2020-6-14,57427,1240
2020-6-15,59263,1836
2020-6-16,59734,471
2020-6-17,60726,992
2020-6-18,62072,1346
2020-6-19,63535,1463
2020-6-20,65045,1510
2020-6-21,66074,1029
2020-6-22,67251,1177
2020-6-23,68167,916
2020-6-24,68918,751
2020-6-25,70078,1160
2020-6-26,71531,1453
2020-6-27,72995,1464
2020-6-28,74536,1541
2020-6-29,75975,1439
2020-6-30,77029,1054
2020-7-1,78000,971
2020-7-2,79525,1525
2020-7-3,80955,1430
2020-7-4,82269,1314
2020-7-5,83102,833
2020-7-6,83564,462
2020-7-7,84664,1100
2020-7-8,85979,1315
2020-7-9,87373,1394
2020-7-10,89352,1979
2020-7-11,90550,1198
2020-7-12,91715,1165
2020-7-13,92670,955
2020-7-14,94198,1528
2020-7-15,95378,1180
2020-7-16,96784,1406
2020-7-17,98419,1635
2020-7-18,99757,1338
2020-7-19,102452,2695
2020-7-20,104242,1790
2020-7-21,105576,1334
2020-7-22,107034,1458
2020-7-23,108130,1096
2020-7-24,109744,1614
2020-7-25,111251,1507
2020-7-26,112641,1390
2020-7-27,113784,1143
2020-7-28,114994,1210
2020-7-29,115839,845
2020-7-30,117054,1215
2020-7-31,118674,1620
2020-8-1,120143,1469
2020-8-2,121982,1839
2020-8-3,122592,610
2020-8-4,124805,2213
2020-8-5,126278,1473
2020-8-6,127874,1596
2020-8-7,129262,1388
2020-8-8,130464,1202
2020-8-9,131933,1469
2020-8-10,132879,946
2020-8-11,134316,1437
2020-8-12,135986,1670
2020-8-13,137198,1212
2020-8-14,139485,2287
2020-8-15,143082,3597
2020-8-16,144707,1625
2020-8-17,147660,2953
2020-8-18,148846,1186
2020-8-19,150144,1298
2020-8-20,152759,2615
2020-8-21,154874,2115
2020-8-22,157618,2744
2020-8-23,159766,2148
2020-8-24,162323,2557
2020-8-25,164034,1711
2020-8-26,165571,1537
2020-8-27,169043,3472
2020-8-28,172016,2973
2020-8-29,176934,4918
2020-8-30,181068,4134
2020-8-31,184280,3212
2020-9-1,188535,4255
2020-9-2,189683,1148
2020-9-3,193403,3720
2020-9-4,199349,5946
2020-9-5,201078,1729
2020-9-6,204968,3890
2020-9-7,210487,5519
2020-9-8,211500,1013
2020-9-9,212900,1400
2020-9-10,214253,1353
2020-9-11,219155,4902
2020-9-12,224096,4941
2020-9-13,228284,4188
2020-9-14,231961,3677
2020-9-15,232951,990
2020-9-16,233912,961
2020-9-17,237564,3652
2020-9-18,241670,4106
2020-9-19,246313,4643
2020-9-20,251100,4787
2020-9-21,255516,4416
2020-9-22,256469,953
2020-9-23,258071,1602
2020-9-24,261733,3662
2020-9-25,266178,4445
2020-9-26,270136,3958
2020-9-27,271385,1249
2020-9-28,279263,7878
2020-9-29,280558,1295
2020-9-30,282735,2177
2020-10-1,286326,3591
2020-10-2,291452,5126
2020-10-3,296511,5059
2020-10-4,300650,4139
2020-10-5,305188,4538
2020-10-6,306090,902
2020-10-7,307410,1320
2020-10-8,312985,5575
2020-10-9,314858,1873
2020-10-10,319294,4436
2020-10-11,325665,6371
2020-10-12,332568,6903
2020-10-13,334028,1460
2020-10-14,335448,1420
2020-10-15,340575,5127
2020-10-16,342441,1866
2020-10-17,350356,7915
2020-10-18,355657,5301
2020-10-19,359928,4271
2020-10-20,360803,875
2020-10-21,362906,2103
2020-10-22,367990,5084
2020-10-23,376997,9007
2020-10-24,381875,4878
2020-10-25,388466,6591
2020-10-26,389237,771
2020-10-27,390962,1725
2020-10-28,395571,4609
2020-10-29,398109,2538
2020-10-30,403053,4944
2020-10-31,408161,5108
2020-11-1,412747,4586
2020-11-2,415518,2771
2020-11-3,416146,628
2020-11-4,418799,2653
2020-11-5,424422,5623
2020-11-6,428851,4429
2020-11-7,434341,5490
2020-11-8,438828,4487
2020-11-9,446327,7499
2020-11-10,447581,1254
2020-11-11,449806,2225
2020-11-12,456048,6242
2020-11-13,461509,5461
2020-11-14,468034,6525
2020-11-15,474928,6894
2020-11-16,477590,2662
2020-11-17,479705,2115
2020-11-18,482325,2620
2020-11-19,492865,10540
2020-11-20,497906,5041
2020-11-21,506543,8637
2020-11-22,516661,10118
2020-11-23,523227,6566
2020-11-24,527945,4718
2020-11-25,533135,5190
2020-11-26,533135,0
2020-11-27,546179,13044
2020-11-28,547492,1313
2020-11-29,550991,3499
2020-11-30,552954,1963
2020-12-1,555633,2679
2020-12-2,559575,3942
2020-12-3,567067,7492
2020-12-4,572870,5803
2020-12-5,578009,5139
2020-12-6,583802,5793
2020-12-7,586309,2507
2020-12-8,588633,2324
2020-12-9,593651,5018
2020-12-10,601629,7978
2020-12-11,608412,6783
2020-12-12,612312,3900
2020-12-13,617618,5306
2020-12-14,622141,4523
2020-12-15,625217,3076
2020-12-16,628360,3143
2020-12-17,633446,5086
2020-12-18,640896,7450
2020-12-19,646518,5622
2020-12-20,651541,5023
2020-12-21,656484,4943
2020-12-22,660302,3818
2020-12-23,663684,3382
2020-12-24,671230,7546
2020-12-25,671230,0
2020-12-26,680816,9586
2020-12-27,682083,1267
2020-12-28,684977,2894
2020-12-29,687387,2410
2020-12-30,689597,2210
2020-12-31,697705,8108
2021-1-1,697705,0
2021-1-2,708246,10541
2021-1-3,711104,2858
2021-1-4,712861,1757
2021-1-5,719758,6897
2021-1-6,722745,2987
2021-1-7,731627,8882
2021-1-8,743851,12224
2021-1-9,752906,9055
2021-1-10,759091,6185
2021-1-11,761740,2649
2021-1-12,767325,5585
2021-1-13,771018,3693
2021-1-14,779178,8160
2021-1-15,788759,9581
2021-1-16,796904,8145
2021-1-17,805019,8115
2021-1-18,809158,4139
2021-1-19,813355,4197
2021-1-20,818476,5121
2021-1-21,822888,4412
2021-1-22,834067,11179
2021-1-23,841251,7184
2021-1-24,847983,6732
2021-1-25,853551,5568
2021-1-26,858834,5283
2021-1-27,862821,3987
2021-1-28,870947,8126
2021-1-29,881432,10485
2021-1-30,889677,8245
2021-1-31,897351,7674
2021-2-1,908823,11472
2021-2-2,886121,0
2021-2-3,894557,8436
2021-2-4,903253,8696
2021-2-5,907998,4745
2021-2-6,917191,9193
2021-2-7,930501,13310
2021-2-8,934293,3792
2021-2-9,937330,3037
2021-2-10,942276,4946
2021-2-11,951720,9444
2021-2-12,961542,9822
2021-2-13,958666,0
2021-2-14,966693,8027
2021-2-15,975016,8323
2021-2-16,977567,2551
2021-2-17,987188,9621
2021-2-18,990931,3743
2021-2-19,1003258,12327
2021-2-20,1009285,6027
2021-2-21,1021885,12600
2021-2-22,1024572,2687
2021-2-23,1029049,4477
2021-2-24,1031951,2902
2021-2-25,1033554,1603
2021-2-26,1049205,15651
2021-2-27,1059706,10501
2021-2-28,1068299,8593
2021-3-1,1076259,7960
2021-3-2,1078840,2581
2021-3-3,1083198,4358
2021-3-4,1094855,11657
2021-3-5,1107296,12441
2021-3-6,1115467,8171
2021-3-7,1124215,8748
