Date,WADATA.TotalTestResults,WADATA.TotalTestResultsInc
2020-1-13,0,0
2020-1-14,0,0
2020-1-15,0,0
2020-1-16,0,0
2020-1-17,0,0
2020-1-18,0,0
2020-1-19,0,0
2020-1-20,0,0
2020-1-21,0,0
2020-1-22,0,0
2020-1-23,0,0
2020-1-24,0,0
2020-1-25,0,0
2020-1-26,0,0
2020-1-27,0,0
2020-1-28,0,0
2020-1-29,0,0
2020-1-30,0,0
2020-1-31,0,0
2020-2-1,0,0
2020-2-2,0,0
2020-2-3,0,0
2020-2-4,0,0
2020-2-5,0,0
2020-2-6,0,0
2020-2-7,0,0
2020-2-8,0,0
2020-2-9,0,0
2020-2-10,0,0
2020-2-11,0,0
2020-2-12,0,0
2020-2-13,0,0
2020-2-14,0,0
2020-2-15,0,0
2020-2-16,0,0
2020-2-17,0,0
2020-2-18,0,0
2020-2-19,0,0
2020-2-20,0,0
2020-2-21,0,0
2020-2-22,0,0
2020-2-23,0,0
2020-2-24,0,0
2020-2-25,0,0
2020-2-26,0,0
2020-2-27,0,0
2020-2-28,0,0
2020-2-29,42,42
2020-3-1,117,75
2020-3-2,305,188
2020-3-3,531,226
2020-3-4,782,251
2020-3-5,1156,374
2020-3-6,1667,511
2020-3-7,2092,425
2020-3-8,2632,540
2020-3-9,3673,1041
2020-3-10,5486,1813
2020-3-11,7805,2319
2020-3-12,11614,3809
2020-3-13,15940,4326
2020-3-14,18316,2376
2020-3-15,20059,1743
2020-3-16,25055,4996
2020-3-17,29870,4815
2020-3-18,34696,4826
2020-3-19,39156,4460
2020-3-20,43276,4120
2020-3-21,45706,2430
2020-3-22,47738,2032
2020-3-23,53245,5507
2020-3-24,58745,5500
2020-3-25,63993,5248
2020-3-26,68680,4687
2020-3-27,73297,4617
2020-3-28,76094,2797
2020-3-29,78081,1987
2020-3-30,83531,5450
2020-3-31,88412,4881
2020-4-1,93374,4962
2020-4-2,98545,5171
2020-4-3,103598,5053
2020-4-4,106297,2699
2020-4-5,108393,2096
2020-4-6,113776,5383
2020-4-7,119252,5476
2020-4-8,124317,5065
2020-4-9,128808,4491
2020-4-10,133289,4481
2020-4-11,135476,2187
2020-4-12,136957,1481
2020-4-13,141543,4586
2020-4-14,146201,4658
2020-4-15,150699,4498
2020-4-16,155401,4702
2020-4-17,160524,5123
2020-4-18,163092,2568
2020-4-19,165059,1967
2020-4-20,170027,4968
2020-4-21,174818,4791
2020-4-22,179945,5127
2020-4-23,184908,4963
2020-4-24,191084,6176
2020-4-25,194532,3448
2020-4-26,196617,2085
2020-4-27,202414,5797
2020-4-28,208382,5968
2020-4-29,214078,5696
2020-4-30,219604,5526
2020-5-1,225299,5695
2020-5-2,228003,2704
2020-5-3,229800,1797
2020-5-4,236165,6365
2020-5-5,242290,6125
2020-5-6,248702,6412
2020-5-7,254216,5514
2020-5-8,260312,6096
2020-5-9,262820,2508
2020-5-10,264596,1776
2020-5-11,270794,6198
2020-5-12,276900,6106
2020-5-13,283044,6144
2020-5-14,289417,6373
2020-5-15,295958,6541
2020-5-16,299456,3498
2020-5-17,301924,2468
2020-5-18,310386,8462
2020-5-19,319019,8633
2020-5-20,326079,7060
2020-5-21,331812,5733
2020-5-22,337656,5844
2020-5-23,341006,3350
2020-5-24,343829,2823
2020-5-25,347132,3303
2020-5-26,355902,8770
2020-5-27,363211,7309
2020-5-28,370033,6822
2020-5-29,376873,6840
2020-5-30,380960,4087
2020-5-31,383882,2922
2020-6-1,391905,8023
2020-6-2,400375,8470
2020-6-3,407704,7329
2020-6-4,414081,6377
2020-6-5,422150,8069
2020-6-6,426922,4772
2020-6-7,430047,3125
2020-6-8,440607,10560
2020-6-9,452358,11751
2020-6-10,464779,12421
2020-6-11,476749,11970
2020-6-12,486386,9637
2020-6-13,492809,6423
2020-6-14,496902,4093
2020-6-15,508785,11883
2020-6-16,521345,12560
2020-6-17,532140,10795
2020-6-18,541935,9795
2020-6-19,551941,10006
2020-6-20,559013,7072
2020-6-21,562810,3797
2020-6-22,576444,13634
2020-6-23,589542,13098
2020-6-24,604087,14545
2020-6-25,617320,13233
2020-6-26,630907,13587
2020-6-27,639585,8678
2020-6-28,644439,4854
2020-6-29,662055,17616
2020-6-30,679784,17729
2020-7-1,695932,16148
2020-7-2,710743,14811
2020-7-3,720812,10069
2020-7-4,725446,4634
2020-7-5,730249,4803
2020-7-6,747998,17749
2020-7-7,765654,17656
2020-7-8,781051,15397
2020-7-9,793550,12499
2020-7-10,807777,14227
2020-7-11,818120,10343
2020-7-12,823502,5382
2020-7-13,842062,18560
2020-7-14,859975,17913
2020-7-15,876825,16850
2020-7-16,892236,15411
2020-7-17,908633,16397
2020-7-18,918320,9687
2020-7-19,923531,5211
2020-7-20,941258,17727
2020-7-21,958315,17057
2020-7-22,974082,15767
2020-7-23,988535,14453
2020-7-24,1003710,15175
2020-7-25,1013279,9569
2020-7-26,1018223,4944
2020-7-27,1035519,17296
2020-7-28,1051622,16103
2020-7-29,1066898,15276
2020-7-30,1081486,14588
2020-7-31,1096302,14816
2020-8-1,1105298,8996
2020-8-2,1110085,4787
2020-8-3,1127619,17534
2020-8-4,1143993,16374
2020-8-5,1159061,15068
2020-8-6,1173650,14589
2020-8-7,1188665,15015
2020-8-8,1198007,9342
2020-8-9,1202997,4990
2020-8-10,1221951,18954
2020-8-11,1237902,15951
2020-8-12,1254514,16612
2020-8-13,1269631,15117
2020-8-14,1284141,14510
2020-8-15,1292977,8836
2020-8-16,1297928,4951
2020-8-17,1314115,16187
2020-8-18,1329216,15101
2020-8-19,1344043,14827
2020-8-20,1356868,12825
2020-8-21,1369264,12396
2020-8-22,1376533,7269
2020-8-23,1379036,2503
2020-8-24,1380050,1014
2020-8-25,1380050,0
2020-8-26,1380104,54
2020-8-27,1391309,11205
2020-8-28,1408164,16855
2020-8-29,1423771,15607
2020-8-30,1461354,37583
2020-8-31,1461354,0
2020-9-1,1473245,11891
2020-9-2,1480039,6794
2020-9-3,1496353,16314
2020-9-4,1518089,21736
2020-9-5,1534090,16001
2020-9-6,1550477,16387
2020-9-7,1563053,12576
2020-9-8,1563053,0
2020-9-9,1583903,20850
2020-9-10,1597987,14084
2020-9-11,1614748,16761
2020-9-12,1631162,16414
2020-9-13,1644585,13423
2020-9-14,1653967,9382
2020-9-15,1665715,11748
2020-9-16,1676702,10987
2020-9-17,1691047,14345
2020-9-18,1704670,13623
2020-9-19,1704670,0
2020-9-20,1723040,18370
2020-9-21,1736556,13516
2020-9-22,1740899,4343
2020-9-23,1740899,0
2020-9-24,1743296,2397
2020-9-25,1783279,39983
2020-9-26,1801021,17742
2020-9-27,1820623,19602
2020-9-28,1837206,16583
2020-9-29,1848463,11257
2020-9-30,1854399,5936
2020-10-1,1868089,13690
2020-10-2,1884074,15985
2020-10-3,1905759,21685
2020-10-4,1922956,17197
2020-10-5,1935899,12943
2020-10-6,1951407,15508
2020-10-7,1961067,9660
2020-10-8,1987477,26410
2020-10-9,2016471,28994
2020-10-10,2037946,21475
2020-10-11,2061438,23492
2020-10-12,2061438,0
2020-10-13,2123908,62470
2020-10-14,2123908,0
2020-10-15,2146509,22601
2020-10-16,2169192,22683
2020-10-17,2194254,25062
2020-10-18,2214560,20306
2020-10-19,2230785,16225
2020-10-20,2244336,13551
2020-10-21,2252788,8452
2020-10-22,2276453,23665
2020-10-23,2296275,19822
2020-10-24,2318931,22656
2020-10-25,2360387,41456
2020-10-26,2360387,0
2020-10-27,2372596,12209
2020-10-28,2362595,0
2020-10-29,2383332,20737
2020-10-30,2405352,22020
2020-10-31,2426385,21033
2020-11-1,2450122,23737
2020-11-2,2469146,19024
2020-11-3,2470185,1039
2020-11-4,2495151,24966
2020-11-5,2519494,24343
2020-11-6,2541074,21580
2020-11-7,2568257,27183
2020-11-8,2592766,24509
2020-11-9,2612198,19432
2020-11-10,2627515,15317
2020-11-11,2644425,16910
2020-11-12,2644425,0
2020-11-13,2694170,49745
2020-11-14,2722087,27917
2020-11-15,2748782,26695
2020-11-16,2778095,29313
2020-11-17,2795736,17641
2020-11-18,2813081,17345
2020-11-19,2835472,22391
2020-11-20,2856474,21002
2020-11-21,2877894,21420
2020-11-22,2894367,16473
2020-11-23,2894367,0
2020-11-24,2894367,0
2020-11-25,2894367,0
2020-11-26,2894367,0
2020-11-27,2894367,0
2020-11-28,2894367,0
2020-11-29,2894367,0
2020-11-30,2894367,0
2020-12-1,2894367,0
2020-12-2,2894367,0
2020-12-3,2894367,0
2020-12-4,2894367,0
2020-12-5,3120146,225779
2020-12-6,3133845,13699
2020-12-7,3143000,9155
2020-12-8,3164714,21714
2020-12-9,3197050,32336
2020-12-10,3225428,28378
2020-12-11,3256838,31410
2020-12-12,3285936,29098
2020-12-13,3320070,34134
2020-12-14,3347903,27833
2020-12-15,3380344,32441
2020-12-16,3411676,31332
2020-12-17,3432892,21216
2020-12-18,3432892,0
2020-12-19,3478628,45736
2020-12-20,3503577,24949
2020-12-21,3503577,0
2020-12-22,3559695,56118
2020-12-23,3590459,30764
2020-12-24,3620650,30191
2020-12-25,3649210,28560
2020-12-26,3649210,0
2020-12-27,3710779,61569
2020-12-28,3710779,0
2020-12-29,3768662,57883
2020-12-30,3798321,29659
2020-12-31,3805390,7069
2021-1-1,3836820,31430
2021-1-2,3836820,0
2021-1-3,3836820,0
2021-1-4,3909972,73152
2021-1-5,3935760,25788
2021-1-6,3949632,13872
2021-1-7,3969589,19957
2021-1-8,3987138,17549
2021-1-9,4009784,22646
2021-1-10,4034774,24990
2021-1-11,4034774,0
2021-1-12,4087531,52757
2021-1-13,4110647,23116
2021-1-14,4128417,17770
2021-1-15,4153214,24797
2021-1-16,4179833,26619
2021-1-17,4179833,0
2021-1-18,4233758,53925
2021-1-19,4233758,0
2021-1-20,4265548,31790
2021-1-21,4297306,31758
2021-1-22,4325798,28492
2021-1-23,4349779,23981
2021-1-24,4373646,23867
2021-1-25,4373646,0
2021-1-26,4424230,50584
2021-1-27,4446844,22614
2021-1-28,4470215,23371
2021-1-29,4495463,25248
2021-1-30,4524221,28758
2021-1-31,4548239,24018
2021-2-1,4548239,0
2021-2-2,4597590,49351
2021-2-3,4614786,17196
2021-2-4,4645828,31042
2021-2-5,4670815,24987
2021-2-6,4694650,23835
2021-2-7,4716859,22209
2021-2-8,4716859,0
2021-2-9,4771837,54978
2021-2-10,4793925,22088
2021-2-11,4814665,20740
2021-2-12,4840076,25411
2021-2-13,4866993,26917
2021-2-14,4896154,29161
2021-2-15,4896154,0
2021-2-16,4896154,0
2021-2-17,4967466,71312
2021-2-18,4997740,30274
2021-2-19,5025294,27554
2021-2-20,5048054,22760
2021-2-21,5074078,26024
2021-2-22,5074078,0
2021-2-23,5120226,46148
2021-2-24,5145517,25291
2021-2-25,5167513,21996
2021-2-26,5193250,25737
2021-2-27,5213424,20174
2021-2-28,5234432,21008
2021-3-1,5234432,0
2021-3-2,5280330,45898
2021-3-3,5301508,21178
2021-3-4,5320381,18873
2021-3-5,5344402,24021
2021-3-6,5369716,25314
2021-3-7,5393756,24040
