Date,WVDATA.TotalTestResults,WVDATA.TotalTestResultsInc
2020-3-6,0,0
2020-3-7,0,0
2020-3-8,0,0
2020-3-9,0,0
2020-3-10,0,0
2020-3-11,0,0
2020-3-12,0,0
2020-3-13,1,1
2020-3-14,2,1
2020-3-15,5,3
2020-3-16,17,12
2020-3-17,21,4
2020-3-18,34,13
2020-3-19,97,63
2020-3-20,146,49
2020-3-21,232,86
2020-3-22,270,38
2020-3-23,330,60
2020-3-24,517,187
2020-3-25,826,309
2020-3-26,1132,306
2020-3-27,1658,526
2020-3-28,2219,561
2020-3-29,2575,356
2020-3-30,3159,584
2020-3-31,3540,381
2020-4-1,3950,410
2020-4-2,4619,669
2020-4-3,5337,718
2020-4-4,6333,996
2020-4-5,7381,1048
2020-4-6,8092,711
2020-4-7,9858,1766
2020-4-8,10707,849
2020-4-9,11327,620
2020-4-10,12318,991
2020-4-11,13474,1156
2020-4-12,14113,639
2020-4-13,14813,700
2020-4-14,15024,211
2020-4-15,15518,494
2020-4-16,16039,521
2020-4-17,16625,586
2020-4-18,17295,670
2020-4-19,17961,666
2020-4-20,19821,1860
2020-4-21,20096,275
2020-4-22,21887,1791
2020-4-23,23429,1542
2020-4-24,25725,2296
2020-4-25,29254,3529
2020-4-26,35131,5877
2020-4-27,38637,3506
2020-4-28,39455,818
2020-4-29,41287,1832
2020-4-30,43657,2370
2020-5-1,45723,2066
2020-5-2,47927,2204
2020-5-3,50274,2347
2020-5-4,51671,1397
2020-5-5,53087,1416
2020-5-6,54106,1019
2020-5-7,55663,1557
2020-5-8,57379,1716
2020-5-9,58934,1555
2020-5-10,60500,1566
2020-5-11,61316,816
2020-5-12,62403,1087
2020-5-13,63892,1489
2020-5-14,65768,1876
2020-5-15,67506,1738
2020-5-16,69900,2394
2020-5-17,71705,1805
2020-5-18,72465,760
2020-5-19,74606,2141
2020-5-20,76386,1780
2020-5-21,79583,3197
2020-5-22,81011,1428
2020-5-23,83050,2039
2020-5-24,84581,1531
2020-5-25,85355,774
2020-5-26,86464,1109
2020-5-27,87441,977
2020-5-28,89144,1703
2020-5-29,92179,3035
2020-5-30,94700,2521
2020-5-31,96297,1597
2020-6-1,97075,778
2020-6-2,99329,2254
2020-6-3,102491,3162
2020-6-4,104877,2386
2020-6-5,106708,1831
2020-6-6,108427,1719
2020-6-7,110512,2085
2020-6-8,111017,505
2020-6-9,112964,1947
2020-6-10,116445,3481
2020-6-11,119694,3249
2020-6-12,122553,2859
2020-6-13,125637,3084
2020-6-14,129369,3732
2020-6-15,130243,874
2020-6-16,131649,1406
2020-6-17,136559,4910
2020-6-18,141294,4735
2020-6-19,144274,2980
2020-6-20,146669,2395
2020-6-21,148695,2026
2020-6-22,149585,890
2020-6-23,152476,2891
2020-6-24,154597,2121
2020-6-25,156988,2391
2020-6-26,160067,3079
2020-6-27,162963,2896
2020-6-28,165283,2320
2020-6-29,166550,1267
2020-6-30,169086,2536
2020-7-1,171493,2407
2020-7-2,175554,4061
2020-7-3,178050,2496
2020-7-4,179569,1519
2020-7-5,183025,3456
2020-7-6,185350,2325
2020-7-7,187898,2548
2020-7-8,190762,2864
2020-7-9,194045,3283
2020-7-10,197381,3336
2020-7-11,201628,4247
2020-7-12,204634,3006
2020-7-13,206133,1499
2020-7-14,209211,3078
2020-7-15,212217,3006
2020-7-16,215858,3641
2020-7-17,218377,2519
2020-7-18,223510,5133
2020-7-19,227421,3911
2020-7-20,231289,3868
2020-7-21,236611,5322
2020-7-22,240528,3917
2020-7-23,244241,3713
2020-7-24,247581,3340
2020-7-25,251531,3950
2020-7-26,255963,4432
2020-7-27,259788,3825
2020-7-28,263996,4208
2020-7-29,267589,3593
2020-7-30,270920,3331
2020-7-31,277012,6092
2020-8-1,282500,5488
2020-8-2,286214,3714
2020-8-3,290001,3787
2020-8-4,293231,3230
2020-8-5,297282,4051
2020-8-6,301927,4645
2020-8-7,307158,5231
2020-8-8,312018,4860
2020-8-9,317084,5066
2020-8-10,320991,3907
2020-8-11,324365,3374
2020-8-12,328913,4548
2020-8-13,333035,4122
2020-8-14,338140,5105
2020-8-15,343408,5268
2020-8-16,348412,5004
2020-8-17,353849,5437
2020-8-18,358628,4779
2020-8-19,362582,3954
2020-8-20,370423,7841
2020-8-21,376973,6550
2020-8-22,383092,6119
2020-8-23,387464,4372
2020-8-24,390000,2536
2020-8-25,396708,6708
2020-8-26,401525,4817
2020-8-27,405682,4157
2020-8-28,411420,5738
2020-8-29,418083,6663
2020-8-30,422919,4836
2020-8-31,427794,4875
2020-9-1,430225,2431
2020-9-2,433355,3130
2020-9-3,436911,3556
2020-9-4,440756,3845
2020-9-5,445442,4686
2020-9-6,450271,4829
2020-9-7,453639,3368
2020-9-8,454906,1267
2020-9-9,456345,1439
2020-9-10,460398,4053
2020-9-11,464552,4154
2020-9-12,471886,7334
2020-9-13,476740,4854
2020-9-14,480986,4246
2020-9-15,483888,2902
2020-9-16,487577,3689
2020-9-17,492130,4553
2020-9-18,497107,4977
2020-9-19,503463,6356
2020-9-20,508370,4907
2020-9-21,513542,5172
2020-9-22,516798,3256
2020-9-23,519711,2913
2020-9-24,523111,3400
2020-9-25,529429,6318
2020-9-26,536324,6895
2020-9-27,543739,7415
2020-9-28,549403,5664
2020-9-29,552430,3027
2020-9-30,555780,3350
2020-10-1,560913,5133
2020-10-2,570782,9869
2020-10-3,577315,6533
2020-10-4,584655,7340
2020-10-5,591095,6440
2020-10-6,594243,3148
2020-10-7,598027,3784
2020-10-8,604392,6365
2020-10-9,612348,7956
2020-10-10,622809,10461
2020-10-11,628752,5943
2020-10-12,634247,5495
2020-10-13,639466,5219
2020-10-14,644201,4735
2020-10-15,651104,6903
2020-10-16,662243,11139
2020-10-17,669097,6854
2020-10-18,677446,8349
2020-10-19,684416,6970
2020-10-20,688141,3725
2020-10-21,692965,4824
2020-10-22,701414,8449
2020-10-23,706456,5042
2020-10-24,711758,5302
2020-10-25,719199,7441
2020-10-26,732269,13070
2020-10-27,739540,7271
2020-10-28,744645,5105
2020-10-29,755399,10754
2020-10-30,764950,9551
2020-10-31,774168,9218
2020-11-1,783470,9302
2020-11-2,790378,6908
2020-11-3,795857,5479
2020-11-4,801543,5686
2020-11-5,812291,10748
2020-11-6,822098,9807
2020-11-7,832656,10558
2020-11-8,844242,11586
2020-11-9,851689,7447
2020-11-10,858525,6836
2020-11-11,869376,10851
2020-11-12,882360,12984
2020-11-13,896220,13860
2020-11-14,909351,13131
2020-11-15,920366,11015
2020-11-16,932261,11895
2020-11-17,940635,8374
2020-11-18,953328,12693
2020-11-19,970334,17006
2020-11-20,986956,16622
2020-11-21,1005409,18453
2020-11-22,1019188,13779
2020-11-23,1030860,11672
2020-11-24,1045376,14516
2020-11-25,1060832,15456
2020-11-26,1076259,15427
2020-11-27,1092989,16730
2020-11-28,1105791,12802
2020-11-29,1119518,13727
2020-11-30,1127995,8477
2020-12-1,1138776,10781
2020-12-2,1149027,10251
2020-12-3,1160634,11607
2020-12-4,1177418,16784
2020-12-5,1198947,21529
2020-12-6,1211551,12604
2020-12-7,1223511,11960
2020-12-8,1233677,10166
2020-12-9,1247173,13496
2020-12-10,1262087,14914
2020-12-11,1280120,18033
2020-12-12,1296017,15897
2020-12-13,1309039,13022
2020-12-14,1318053,9014
2020-12-15,1327146,9093
2020-12-16,1335834,8688
2020-12-17,1350165,14331
2020-12-18,1361997,11832
2020-12-19,1375051,13054
2020-12-20,1382890,7839
2020-12-21,1393204,10314
2020-12-22,1401206,8002
2020-12-23,1407184,5978
2020-12-24,1419370,12186
2020-12-25,1432672,13302
2020-12-26,1444959,12287
2020-12-27,1449782,4823
2020-12-28,1454255,4473
2020-12-29,1465779,11524
2020-12-30,1476944,11165
2020-12-31,1494681,17737
2021-1-1,1516422,21741
2021-1-2,1532704,16282
2021-1-3,1540159,7455
2021-1-4,1546217,6058
2021-1-5,1556241,10024
2021-1-6,1567700,11459
2021-1-7,1585261,17561
2021-1-8,1608766,23505
2021-1-9,1627245,18479
2021-1-10,1640415,13170
2021-1-11,1651936,11521
2021-1-12,1661864,9928
2021-1-13,1673197,11333
2021-1-14,1688103,14906
2021-1-15,1709911,21808
2021-1-16,1736636,26725
2021-1-17,1744016,7380
2021-1-18,1759675,15659
2021-1-19,1772535,12860
2021-1-20,1782837,10302
2021-1-21,1799533,16696
2021-1-22,1818926,19393
2021-1-23,1829720,10794
2021-1-24,1836165,6445
2021-1-25,1841111,4946
2021-1-26,1855664,14553
2021-1-27,1865762,10098
2021-1-28,1881485,15723
2021-1-29,1897774,16289
2021-1-30,1911658,13884
2021-1-31,1920300,8642
2021-2-1,1925306,5006
2021-2-2,1934122,8816
2021-2-3,1942613,8491
2021-2-4,1954655,12042
2021-2-5,1969418,14763
2021-2-6,1982272,12854
2021-2-7,1991579,9307
2021-2-8,1998557,6978
2021-2-9,2006598,8041
2021-2-10,2015748,9150
2021-2-11,2028413,12665
2021-2-12,2042578,14165
2021-2-13,2053046,10468
2021-2-14,2059560,6514
2021-2-15,2064969,5409
2021-2-16,2071781,6812
2021-2-17,2080039,8258
2021-2-18,2089904,9865
2021-2-19,2099209,9305
2021-2-20,2107857,8648
2021-2-21,2114133,6276
2021-2-22,2118728,4595
2021-2-23,2127267,8539
2021-2-24,2135830,8563
2021-2-25,2147188,11358
2021-2-26,2157856,10668
2021-2-27,2166580,8724
2021-2-28,2177597,11017
2021-3-1,2181927,4330
2021-3-2,2190001,8074
2021-3-3,2198254,8253
2021-3-4,2207676,9422
2021-3-5,2218488,10812
2021-3-6,2230102,11614
2021-3-7,2236551,6449
