Date,WYDATA.TotalTestResults,WYDATA.TotalTestResultsInc
2020-3-1,1,0
2020-3-2,1,0
2020-3-3,1,0
2020-3-4,4,3
2020-3-5,8,4
2020-3-6,8,0
2020-3-7,8,0
2020-3-8,9,1
2020-3-9,19,10
2020-3-10,26,7
2020-3-11,37,11
2020-3-12,75,38
2020-3-13,108,33
2020-3-14,151,43
2020-3-15,178,27
2020-3-16,300,122
2020-3-17,461,161
2020-3-18,601,140
2020-3-19,744,143
2020-3-20,942,198
2020-3-21,1020,78
2020-3-22,1086,66
2020-3-23,1307,221
2020-3-24,1467,160
2020-3-25,1733,266
2020-3-26,1977,244
2020-3-27,2204,227
2020-3-28,2306,102
2020-3-29,2384,78
2020-3-30,2641,257
2020-3-31,2922,281
2020-4-1,3238,316
2020-4-2,3663,425
2020-4-3,4067,404
2020-4-4,4232,165
2020-4-5,4380,148
2020-4-6,4813,433
2020-4-7,5180,367
2020-4-8,5459,279
2020-4-9,5787,328
2020-4-10,6059,272
2020-4-11,6163,104
2020-4-12,6210,47
2020-4-13,6524,314
2020-4-14,6831,307
2020-4-15,7066,235
2020-4-16,7306,240
2020-4-17,7602,296
2020-4-18,7701,99
2020-4-19,7784,83
2020-4-20,8083,299
2020-4-21,8380,297
2020-4-22,8669,289
2020-4-23,8938,269
2020-4-24,9356,418
2020-4-25,9453,97
2020-4-26,9530,77
2020-4-27,10111,581
2020-4-28,10782,671
2020-4-29,11226,444
2020-4-30,11660,434
2020-5-1,12279,619
2020-5-2,12402,123
2020-5-3,12528,126
2020-5-4,13108,580
2020-5-5,13549,441
2020-5-6,14149,600
2020-5-7,14677,528
2020-5-8,15159,482
2020-5-9,15287,128
2020-5-10,15390,103
2020-5-11,16006,616
2020-5-12,16514,508
2020-5-13,17013,499
2020-5-14,17586,573
2020-5-15,18240,654
2020-5-16,18462,222
2020-5-17,18569,107
2020-5-18,19225,656
2020-5-19,19870,645
2020-5-20,20472,602
2020-5-21,21395,923
2020-5-22,22175,780
2020-5-23,22368,193
2020-5-24,22524,156
2020-5-25,22700,176
2020-5-26,23541,841
2020-5-27,24516,975
2020-5-28,26385,1869
2020-5-29,27081,696
2020-5-30,27222,141
2020-5-31,27425,203
2020-6-1,28235,810
2020-6-2,28930,695
2020-6-3,29531,601
2020-6-4,30418,887
2020-6-5,31013,595
2020-6-6,31110,97
2020-6-7,31208,98
2020-6-8,31815,607
2020-6-9,32486,671
2020-6-10,33173,687
2020-6-11,33954,781
2020-6-12,34650,696
2020-6-13,34815,165
2020-6-14,34942,127
2020-6-15,35844,902
2020-6-16,36631,787
2020-6-17,37477,846
2020-6-18,38608,1131
2020-6-19,39359,751
2020-6-20,39549,190
2020-6-21,39699,150
2020-6-22,41249,1550
2020-6-23,42389,1140
2020-6-24,43656,1267
2020-6-25,44983,1327
2020-6-26,46233,1250
2020-6-27,46477,244
2020-6-28,46686,209
2020-6-29,48667,1981
2020-6-30,50287,1620
2020-7-1,51517,1230
2020-7-2,52893,1376
2020-7-3,53412,519
2020-7-4,53628,216
2020-7-5,53867,239
2020-7-6,55330,1463
2020-7-7,56636,1306
2020-7-8,57707,1071
2020-7-9,58874,1167
2020-7-10,59800,926
2020-7-11,60004,204
2020-7-12,60211,207
2020-7-13,62440,2229
2020-7-14,64044,1604
2020-7-15,65283,1239
2020-7-16,66421,1138
2020-7-17,67508,1087
2020-7-18,67836,328
2020-7-19,68082,246
2020-7-20,70337,2255
2020-7-21,71829,1492
2020-7-22,73096,1267
2020-7-23,74064,968
2020-7-24,74829,765
2020-7-25,75014,185
2020-7-26,75273,259
2020-7-27,77497,2224
2020-7-28,78653,1156
2020-7-29,79738,1085
2020-7-30,80776,1038
2020-7-31,81667,891
2020-8-1,81887,220
2020-8-2,82108,221
2020-8-3,83947,1839
2020-8-4,85351,1404
2020-8-5,86507,1156
2020-8-6,87695,1188
2020-8-7,88959,1264
2020-8-8,89414,455
2020-8-9,89798,384
2020-8-10,92101,2303
2020-8-11,95475,3374
2020-8-12,98508,3033
2020-8-13,101265,2757
2020-8-14,102852,1587
2020-8-15,103253,401
2020-8-16,103592,339
2020-8-17,105819,2227
2020-8-18,107397,1578
2020-8-19,108805,1408
2020-8-20,110081,1276
2020-8-21,110930,849
2020-8-22,111180,250
2020-8-23,111438,258
2020-8-24,113089,1651
2020-8-25,114568,1479
2020-8-26,115848,1280
2020-8-27,117110,1262
2020-8-28,118487,1377
2020-8-29,118754,267
2020-8-30,118994,240
2020-8-31,120697,1703
2020-9-1,122197,1500
2020-9-2,123880,1683
2020-9-3,126105,2225
2020-9-4,127433,1328
2020-9-5,127683,250
2020-9-6,127885,202
2020-9-7,129017,1132
2020-9-8,131265,2248
2020-9-9,133372,2107
2020-9-10,135864,2492
2020-9-11,137514,1650
2020-9-12,137815,301
2020-9-13,138053,238
2020-9-14,140816,2763
2020-9-15,143315,2499
2020-9-16,145630,2315
2020-9-17,147899,2269
2020-9-18,149449,1550
2020-9-19,149802,353
2020-9-20,150076,274
2020-9-21,153893,3817
2020-9-22,156980,3087
2020-9-23,159730,2750
2020-9-24,162653,2923
2020-9-25,164622,1969
2020-9-26,164973,351
2020-9-27,165299,326
2020-9-28,169450,4151
2020-9-29,174686,5236
2020-9-30,178373,3687
2020-10-1,181814,3441
2020-10-2,184586,2772
2020-10-3,185362,776
2020-10-4,186034,672
2020-10-5,192573,6539
2020-10-6,198508,5935
2020-10-7,202703,4195
2020-10-8,206024,3321
2020-10-9,209041,3017
2020-10-10,209908,867
2020-10-11,210509,601
2020-10-12,216342,5833
2020-10-13,221182,4840
2020-10-14,225518,4336
2020-10-15,229079,3561
2020-10-16,232407,3328
2020-10-17,233128,721
2020-10-18,233925,797
2020-10-19,240151,6226
2020-10-20,245133,4982
2020-10-21,249425,4292
2020-10-22,253894,4469
2020-10-23,257821,3927
2020-10-24,258810,989
2020-10-25,259404,594
2020-10-26,265459,6055
2020-10-27,270870,5411
2020-10-28,275282,4412
2020-10-29,279435,4153
2020-10-30,283120,3685
2020-10-31,283918,798
2020-11-1,284746,828
2020-11-2,291698,6952
2020-11-3,298088,6390
2020-11-4,303250,5162
2020-11-5,308205,4955
2020-11-6,312769,4564
2020-11-7,313850,1081
2020-11-8,314854,1004
2020-11-9,322812,7958
2020-11-10,329898,7086
2020-11-11,334801,4903
2020-11-12,341053,6252
2020-11-13,345682,4629
2020-11-14,346803,1121
2020-11-15,347830,1027
2020-11-16,357020,9190
2020-11-17,363992,6972
2020-11-18,369292,5300
2020-11-19,376123,6831
2020-11-20,380669,4546
2020-11-21,381465,796
2020-11-22,382210,745
2020-11-23,384725,2515
2020-11-24,385011,286
2020-11-25,385040,29
2020-11-26,385040,0
2020-11-27,393512,8472
2020-11-28,393376,0
2020-11-29,393376,0
2020-11-30,419587,26211
2020-12-1,419587,0
2020-12-2,408325,0
2020-12-3,412285,3960
2020-12-4,412285,0
2020-12-5,417627,5342
2020-12-6,417627,0
2020-12-7,425916,8289
2020-12-8,429164,3248
2020-12-9,431433,2269
2020-12-10,437060,5627
2020-12-11,437060,0
2020-12-12,440289,3229
2020-12-13,440289,0
2020-12-14,440289,0
2020-12-15,450024,9735
2020-12-16,457816,7792
2020-12-17,457212,0
2020-12-18,463753,6541
2020-12-19,463753,0
2020-12-20,463753,0
2020-12-21,473519,9766
2020-12-22,475800,2281
2020-12-23,478351,2551
2020-12-24,478351,0
2020-12-25,478351,0
2020-12-26,478351,0
2020-12-27,478351,0
2020-12-28,493080,14729
2020-12-29,494391,1311
2020-12-30,498063,3672
2020-12-31,501784,3721
2021-1-1,501784,0
2021-1-2,501784,0
2021-1-3,501784,0
2021-1-4,514334,12550
2021-1-5,515527,1193
2021-1-6,517839,2312
2021-1-7,522688,4849
2021-1-8,528137,5449
2021-1-9,528137,0
2021-1-10,528137,0
2021-1-11,534614,6477
2021-1-12,536070,1456
2021-1-13,537679,1609
2021-1-14,542316,4637
2021-1-15,549805,7489
2021-1-16,549805,0
2021-1-17,549805,0
2021-1-18,549805,0
2021-1-19,563037,13232
2021-1-20,567450,4413
2021-1-21,573868,6418
2021-1-22,573868,0
2021-1-23,573868,0
2021-1-24,573868,0
2021-1-25,573868,0
2021-1-26,609573,35705
2021-1-27,616677,7104
2021-1-28,625382,8705
2021-1-29,634985,9603
2021-1-30,634985,0
2021-1-31,634985,0
2021-2-1,651791,16806
2021-2-2,647149,0
2021-2-3,656543,9394
2021-2-4,670688,14145
2021-2-5,683414,12726
2021-2-6,683414,0
2021-2-7,683414,0
2021-2-8,704836,21422
2021-2-9,595970,0
2021-2-10,597849,1879
2021-2-11,601103,3254
2021-2-12,604578,3475
2021-2-13,604578,0
2021-2-14,604578,0
2021-2-15,604578,0
2021-2-16,614356,9778
2021-2-17,615337,981
2021-2-18,617468,2131
2021-2-19,620388,2920
2021-2-20,620388,0
2021-2-21,620388,0
2021-2-22,625036,4648
2021-2-23,625036,0
2021-2-24,629838,4802
2021-2-25,633626,3788
2021-2-26,636716,3090
2021-2-27,636716,0
2021-2-28,636716,0
2021-3-1,640594,3878
2021-3-2,641380,786
2021-3-3,643476,2096
2021-3-4,646179,2703
2021-3-5,649293,3114
2021-3-6,649293,0
2021-3-7,649293,0
