Date,CTDATA.Death,CTDATA.DeathIncrease
2020-2-29,0,0
2020-3-1,0,0
2020-3-2,0,0
2020-3-3,0,0
2020-3-4,0,0
2020-3-5,0,0
2020-3-6,0,0
2020-3-7,0,0
2020-3-8,0,0
2020-3-9,0,0
2020-3-10,0,0
2020-3-11,0,0
2020-3-12,0,0
2020-3-13,0,0
2020-3-14,0,0
2020-3-15,0,0
2020-3-16,0,0
2020-3-17,0,0
2020-3-18,0,0
2020-3-19,1,1
2020-3-20,3,2
2020-3-21,4,1
2020-3-22,5,1
2020-3-23,10,5
2020-3-24,12,2
2020-3-25,19,7
2020-3-26,21,2
2020-3-27,27,6
2020-3-28,33,6
2020-3-29,34,1
2020-3-30,36,2
2020-3-31,69,33
2020-4-1,85,16
2020-4-2,112,27
2020-4-3,131,19
2020-4-4,165,34
2020-4-5,189,24
2020-4-6,206,17
2020-4-7,277,71
2020-4-8,277,0
2020-4-9,380,103
2020-4-10,448,68
2020-4-11,494,46
2020-4-12,554,60
2020-4-13,602,48
2020-4-14,671,69
2020-4-15,868,197
2020-4-16,971,103
2020-4-17,1036,65
2020-4-18,1036,0
2020-4-19,1086,50
2020-4-20,1331,245
2020-4-21,1423,92
2020-4-22,1544,121
2020-4-23,1639,95
2020-4-24,1764,125
2020-4-25,1862,98
2020-4-26,1924,62
2020-4-27,1998,74
2020-4-28,2089,91
2020-4-29,2168,79
2020-4-30,2257,89
2020-5-1,2339,82
2020-5-2,2339,0
2020-5-3,2436,97
2020-5-4,2495,59
2020-5-5,2633,138
2020-5-6,2718,85
2020-5-7,2797,79
2020-5-8,2874,77
2020-5-9,2932,58
2020-5-10,2967,35
2020-5-11,3008,41
2020-5-12,3041,33
2020-5-13,3125,84
2020-5-14,3219,94
2020-5-15,3285,66
2020-5-16,3339,54
2020-5-17,3408,69
2020-5-18,3449,41
2020-5-19,3472,23
2020-5-20,3529,57
2020-5-21,3582,53
2020-5-22,3637,55
2020-5-23,3675,38
2020-5-24,3693,18
2020-5-25,3742,49
2020-5-26,3769,27
2020-5-27,3803,34
2020-5-28,3826,23
2020-5-29,3868,42
2020-5-30,3912,44
2020-5-31,3944,32
2020-6-1,3964,20
2020-6-2,3972,8
2020-6-3,3989,17
2020-6-4,4007,18
2020-6-5,4038,31
2020-6-6,4055,17
2020-6-7,4071,16
2020-6-8,4084,13
2020-6-9,4097,13
2020-6-10,4120,23
2020-6-11,4146,26
2020-6-12,4159,13
2020-6-13,4186,27
2020-6-14,4201,15
2020-6-15,4204,3
2020-6-16,4210,6
2020-6-17,4219,9
2020-6-18,4226,7
2020-6-19,4238,12
2020-6-20,4251,13
2020-6-21,4260,9
2020-6-22,4263,3
2020-6-23,4277,14
2020-6-24,4287,10
2020-6-25,4298,11
2020-6-26,4307,9
2020-6-27,4311,4
2020-6-28,4316,5
2020-6-29,4320,4
2020-6-30,4322,2
2020-7-1,4324,2
2020-7-2,4326,2
2020-7-3,4335,9
2020-7-4,4335,0
2020-7-5,4335,0
2020-7-6,4338,3
2020-7-7,4338,0
2020-7-8,4343,5
2020-7-9,4348,5
2020-7-10,4348,0
2020-7-11,4348,0
2020-7-12,4348,0
2020-7-13,4371,23
2020-7-14,4372,1
2020-7-15,4380,8
2020-7-16,4389,9
2020-7-17,4396,7
2020-7-18,4396,0
2020-7-19,4396,0
2020-7-20,4406,10
2020-7-21,4406,0
2020-7-22,4406,0
2020-7-23,4410,4
2020-7-24,4413,3
2020-7-25,4413,0
2020-7-26,4413,0
2020-7-27,4418,5
2020-7-28,4423,5
2020-7-29,4425,2
2020-7-30,4431,6
2020-7-31,4432,1
2020-8-1,4432,0
2020-8-2,4432,0
2020-8-3,4437,5
2020-8-4,4437,0
2020-8-5,4437,0
2020-8-6,4437,0
2020-8-7,4441,4
2020-8-8,4441,0
2020-8-9,4441,0
2020-8-10,4444,3
2020-8-11,4444,0
2020-8-12,4450,6
2020-8-13,4450,0
2020-8-14,4453,3
2020-8-15,4453,0
2020-8-16,4453,0
2020-8-17,4456,3
2020-8-18,4456,0
2020-8-19,4457,1
2020-8-20,4458,1
2020-8-21,4460,2
2020-8-22,4460,0
2020-8-23,4460,0
2020-8-24,4460,0
2020-8-25,4463,3
2020-8-26,4463,0
2020-8-27,4465,2
2020-8-28,4465,0
2020-8-29,4465,0
2020-8-30,4465,0
2020-8-31,4465,0
2020-9-1,4466,1
2020-9-2,4467,1
2020-9-3,4468,1
2020-9-4,4468,0
2020-9-5,4468,0
2020-9-6,4468,0
2020-9-7,4468,0
2020-9-8,4474,6
2020-9-9,4474,0
2020-9-10,4478,4
2020-9-11,4480,2
2020-9-12,4480,0
2020-9-13,4480,0
2020-9-14,4485,5
2020-9-15,4485,0
2020-9-16,4487,2
2020-9-17,4488,1
2020-9-18,4492,4
2020-9-19,4492,0
2020-9-20,4492,0
2020-9-21,4495,3
2020-9-22,4496,1
2020-9-23,4497,1
2020-9-24,4499,2
2020-9-25,4501,2
2020-9-26,4501,0
2020-9-27,4501,0
2020-9-28,4503,2
2020-9-29,4505,2
2020-9-30,4508,3
2020-10-1,4511,3
2020-10-2,4513,2
2020-10-3,4513,0
2020-10-4,4513,0
2020-10-5,4517,4
2020-10-6,4521,4
2020-10-7,4522,1
2020-10-8,4527,5
2020-10-9,4530,3
2020-10-10,4530,0
2020-10-11,4530,0
2020-10-12,4532,2
2020-10-13,4533,1
2020-10-14,4537,4
2020-10-15,4540,3
2020-10-16,4542,2
2020-10-17,4542,0
2020-10-18,4542,0
2020-10-19,4554,12
2020-10-20,4559,5
2020-10-21,4567,8
2020-10-22,4569,2
2020-10-23,4577,8
2020-10-24,4577,0
2020-10-25,4577,0
2020-10-26,4589,12
2020-10-27,4595,6
2020-10-28,4604,9
2020-10-29,4609,5
2020-10-30,4616,7
2020-10-31,4616,0
2020-11-1,4616,0
2020-11-2,4627,11
2020-11-3,4627,0
2020-11-4,4645,18
2020-11-5,4656,11
2020-11-6,4671,15
2020-11-7,4671,0
2020-11-8,4671,0
2020-11-9,4698,27
2020-11-10,4707,9
2020-11-11,4716,9
2020-11-12,4726,10
2020-11-13,4737,11
2020-11-14,4737,0
2020-11-15,4737,0
2020-11-16,4759,22
2020-11-17,4771,12
2020-11-18,4784,13
2020-11-19,4805,21
2020-11-20,4828,23
2020-11-21,4828,0
2020-11-22,4828,0
2020-11-23,4871,43
2020-11-24,4881,10
2020-11-25,4926,45
2020-11-26,4926,0
2020-11-27,4961,35
2020-11-28,4961,0
2020-11-29,4961,0
2020-11-30,5020,59
2020-12-1,5040,20
2020-12-2,5091,51
2020-12-3,5111,20
2020-12-4,5146,35
2020-12-5,5146,0
2020-12-6,5146,0
2020-12-7,5224,78
2020-12-8,5242,18
2020-12-9,5285,43
2020-12-10,5327,42
2020-12-11,5363,36
2020-12-12,5363,0
2020-12-13,5363,0
2020-12-14,5444,81
2020-12-15,5466,22
2020-12-16,5506,40
2020-12-17,5552,46
2020-12-18,5581,29
2020-12-19,5581,0
2020-12-20,5581,0
2020-12-21,5676,95
2020-12-22,5703,27
2020-12-23,5736,33
2020-12-24,5791,55
2020-12-25,5791,0
2020-12-26,5791,0
2020-12-27,5791,0
2020-12-28,5904,113
2020-12-29,5924,20
2020-12-30,5964,40
2020-12-31,5995,31
2021-1-1,5995,0
2021-1-2,6099,104
2021-1-3,6099,0
2021-1-4,6168,69
2021-1-5,6192,24
2021-1-6,6230,38
2021-1-7,6287,57
2021-1-8,6324,37
2021-1-9,6324,0
2021-1-10,6324,0
2021-1-11,6416,92
2021-1-12,6449,33
2021-1-13,6536,87
2021-1-14,6553,17
2021-1-15,6594,41
2021-1-16,6594,0
2021-1-17,6594,0
2021-1-18,6670,76
2021-1-19,6682,12
2021-1-20,6726,44
2021-1-21,6774,48
2021-1-22,6819,45
2021-1-23,6819,0
2021-1-24,6819,0
2021-1-25,6911,92
2021-1-26,6934,23
2021-1-27,6976,42
2021-1-28,7020,44
2021-1-29,7046,26
2021-1-30,7046,0
2021-1-31,7046,0
2021-2-1,7119,73
2021-2-2,7133,14
2021-2-3,7157,24
2021-2-4,7185,28
2021-2-5,7214,29
2021-2-6,7214,0
2021-2-7,7214,0
2021-2-8,7282,68
2021-2-9,7298,16
2021-2-10,7326,28
2021-2-11,7354,28
2021-2-12,7381,27
2021-2-13,7381,0
2021-2-14,7381,0
2021-2-15,7447,66
2021-2-16,7449,2
2021-2-17,7476,27
2021-2-18,7496,20
2021-2-19,7523,27
2021-2-20,7523,0
2021-2-21,7523,0
2021-2-22,7562,39
2021-2-23,7572,10
2021-2-24,7595,23
2021-2-25,7614,19
2021-2-26,7622,8
2021-2-27,7622,0
2021-2-28,7622,0
2021-3-1,7651,29
2021-3-2,7658,7
2021-3-3,7678,20
2021-3-4,7693,15
2021-3-5,7704,11
2021-3-6,7704,0
2021-3-7,7704,0
