Date,ILDATA.Death,ILDATA.DeathIncrease
2020-3-4,0,0
2020-3-5,0,0
2020-3-6,0,0
2020-3-7,0,0
2020-3-8,0,0
2020-3-9,0,0
2020-3-10,0,0
2020-3-11,0,0
2020-3-12,0,0
2020-3-13,0,0
2020-3-14,0,0
2020-3-15,0,0
2020-3-16,0,0
2020-3-17,1,1
2020-3-18,1,0
2020-3-19,4,3
2020-3-20,5,1
2020-3-21,6,1
2020-3-22,9,3
2020-3-23,12,3
2020-3-24,16,4
2020-3-25,19,3
2020-3-26,26,7
2020-3-27,34,8
2020-3-28,47,13
2020-3-29,65,18
2020-3-30,73,8
2020-3-31,99,26
2020-4-1,141,42
2020-4-2,157,16
2020-4-3,210,53
2020-4-4,243,33
2020-4-5,274,31
2020-4-6,307,33
2020-4-7,380,73
2020-4-8,462,82
2020-4-9,528,66
2020-4-10,596,68
2020-4-11,677,81
2020-4-12,720,43
2020-4-13,794,74
2020-4-14,868,74
2020-4-15,948,80
2020-4-16,1072,124
2020-4-17,1134,62
2020-4-18,1259,125
2020-4-19,1290,31
2020-4-20,1349,59
2020-4-21,1468,119
2020-4-22,1565,97
2020-4-23,1688,123
2020-4-24,1795,107
2020-4-25,1874,79
2020-4-26,1933,59
2020-4-27,1983,50
2020-4-28,2125,142
2020-4-29,2215,90
2020-4-30,2355,140
2020-5-1,2457,102
2020-5-2,2559,102
2020-5-3,2618,59
2020-5-4,2662,44
2020-5-5,2838,176
2020-5-6,2974,136
2020-5-7,3111,137
2020-5-8,3241,130
2020-5-9,3349,108
2020-5-10,3406,57
2020-5-11,3459,53
2020-5-12,3601,142
2020-5-13,3792,191
2020-5-14,3928,136
2020-5-15,4058,130
2020-5-16,4129,71
2020-5-17,4177,48
2020-5-18,4234,57
2020-5-19,4379,145
2020-5-20,4525,146
2020-5-21,4607,82
2020-5-22,4715,108
2020-5-23,4790,75
2020-5-24,4856,66
2020-5-25,4884,28
2020-5-26,4923,39
2020-5-27,5083,160
2020-5-28,5186,103
2020-5-29,5270,84
2020-5-30,5330,60
2020-5-31,5390,60
2020-6-1,5412,22
2020-6-2,5525,113
2020-6-3,5621,96
2020-6-4,5736,115
2020-6-5,5795,59
2020-6-6,5864,69
2020-6-7,5904,40
2020-6-8,6102,198
2020-6-9,6196,94
2020-6-10,6273,77
2020-6-11,6363,90
2020-6-12,6441,78
2020-6-13,6470,29
2020-6-14,6489,19
2020-6-15,6507,18
2020-6-16,6579,72
2020-6-17,6666,87
2020-6-18,6718,52
2020-6-19,6718,0
2020-6-20,6829,111
2020-6-21,6851,22
2020-6-22,6875,24
2020-6-23,6911,36
2020-6-24,6974,63
2020-6-25,7014,40
2020-6-26,7048,34
2020-6-27,7074,26
2020-6-28,7089,15
2020-6-29,7103,14
2020-6-30,7124,21
2020-7-1,7152,28
2020-7-2,7188,36
2020-7-3,7215,27
2020-7-4,7224,9
2020-7-5,7230,6
2020-7-6,7236,6
2020-7-7,7273,37
2020-7-8,7309,36
2020-7-9,7329,20
2020-7-10,7345,16
2020-7-11,7369,24
2020-7-12,7388,19
2020-7-13,7394,6
2020-7-14,7419,25
2020-7-15,7427,8
2020-7-16,7452,25
2020-7-17,7465,13
2020-7-18,7483,18
2020-7-19,7488,5
2020-7-20,7494,6
2020-7-21,7517,23
2020-7-22,7540,23
2020-7-23,7560,20
2020-7-24,7577,17
2020-7-25,7589,12
2020-7-26,7590,1
2020-7-27,7608,18
2020-7-28,7638,30
2020-7-29,7654,16
2020-7-30,7670,16
2020-7-31,7692,22
2020-8-1,7700,8
2020-8-2,7714,14
2020-8-3,7723,9
2020-8-4,7742,19
2020-8-5,7770,28
2020-8-6,7791,21
2020-8-7,7822,31
2020-8-8,7840,18
2020-8-9,7845,5
2020-8-10,7846,1
2020-8-11,7866,20
2020-8-12,7881,15
2020-8-13,7905,24
2020-8-14,7932,27
2020-8-15,7937,5
2020-8-16,7955,18
2020-8-17,7967,12
2020-8-18,7993,26
2020-8-19,8017,24
2020-8-20,8044,27
2020-8-21,8066,22
2020-8-22,8083,17
2020-8-23,8089,6
2020-8-24,8097,8
2020-8-25,8126,29
2020-8-26,8163,37
2020-8-27,8186,23
2020-8-28,8206,20
2020-8-29,8217,11
2020-8-30,8228,11
2020-8-31,8235,7
2020-9-1,8273,38
2020-9-2,8300,27
2020-9-3,8324,24
2020-9-4,8362,38
2020-9-5,8385,23
2020-9-6,8390,5
2020-9-7,8398,8
2020-9-8,8405,7
2020-9-9,8433,28
2020-9-10,8461,28
2020-9-11,8505,44
2020-9-12,8527,22
2020-9-13,8541,14
2020-9-14,8546,5
2020-9-15,8564,18
2020-9-16,8599,35
2020-9-17,8624,25
2020-9-18,8647,23
2020-9-19,8672,25
2020-9-20,8686,14
2020-9-21,8693,7
2020-9-22,8722,29
2020-9-23,8744,22
2020-9-24,8774,30
2020-9-25,8807,33
2020-9-26,8832,25
2020-9-27,8845,13
2020-9-28,8858,13
2020-9-29,8881,23
2020-9-30,8916,35
2020-10-1,8940,24
2020-10-2,8992,52
2020-10-3,9023,31
2020-10-4,9040,17
2020-10-5,9054,14
2020-10-6,9085,31
2020-10-7,9127,42
2020-10-8,9159,32
2020-10-9,9191,32
2020-10-10,9221,30
2020-10-11,9230,9
2020-10-12,9243,13
2020-10-13,9272,29
2020-10-14,9320,48
2020-10-15,9373,53
2020-10-16,9425,52
2020-10-17,9452,27
2020-10-18,9474,22
2020-10-19,9496,22
2020-10-20,9537,41
2020-10-21,9605,68
2020-10-22,9647,42
2020-10-23,9688,41
2020-10-24,9751,63
2020-10-25,9775,24
2020-10-26,9792,17
2020-10-27,9838,46
2020-10-28,9889,51
2020-10-29,9945,56
2020-10-30,9994,49
2020-10-31,10050,56
2020-11-1,10075,25
2020-11-2,10093,18
2020-11-3,10161,68
2020-11-4,10216,55
2020-11-5,10313,97
2020-11-6,10397,84
2020-11-7,10488,91
2020-11-8,10538,50
2020-11-9,10563,25
2020-11-10,10645,82
2020-11-11,10798,153
2020-11-12,10846,48
2020-11-13,10891,45
2020-11-14,11088,197
2020-11-15,11162,74
2020-11-16,11204,42
2020-11-17,11317,113
2020-11-18,11468,151
2020-11-19,11648,180
2020-11-20,11795,147
2020-11-21,11952,157
2020-11-22,12051,99
2020-11-23,12112,61
2020-11-24,12262,150
2020-11-25,12440,178
2020-11-26,12596,156
2020-11-27,12686,90
2020-11-28,12838,152
2020-11-29,12882,44
2020-11-30,12985,103
2020-12-1,13131,146
2020-12-2,13397,266
2020-12-3,13625,228
2020-12-4,13782,157
2020-12-5,14017,235
2020-12-6,14116,99
2020-12-7,14216,100
2020-12-8,14384,168
2020-12-9,14613,229
2020-12-10,14845,232
2020-12-11,15067,222
2020-12-12,15232,165
2020-12-13,15339,107
2020-12-14,15455,116
2020-12-15,15587,132
2020-12-16,15777,190
2020-12-17,15985,208
2020-12-18,16206,221
2020-12-19,16326,120
2020-12-20,16407,81
2020-12-21,16527,120
2020-12-22,16671,144
2020-12-23,16842,171
2020-12-24,16960,118
2020-12-25,17154,194
2020-12-26,17224,70
2020-12-27,17336,112
2020-12-28,17470,134
2020-12-29,17596,126
2020-12-30,17811,215
2020-12-31,17978,167
2021-1-1,18173,195
2021-1-2,18217,44
2021-1-3,18322,105
2021-1-4,18412,90
2021-1-5,18562,150
2021-1-6,18735,173
2021-1-7,18941,206
2021-1-8,19108,167
2021-1-9,19210,102
2021-1-10,19293,83
2021-1-11,19363,70
2021-1-12,19497,134
2021-1-13,19617,120
2021-1-14,19724,107
2021-1-15,19873,149
2021-1-16,20020,147
2021-1-17,20050,30
2021-1-18,20118,68
2021-1-19,20153,35
2021-1-20,20285,132
2021-1-21,20423,138
2021-1-22,20534,111
2021-1-23,20645,111
2021-1-24,20680,35
2021-1-25,20744,64
2021-1-26,20853,109
2021-1-27,20949,96
2021-1-28,21074,125
2021-1-29,21146,72
2021-1-30,21213,67
2021-1-31,21253,40
2021-2-1,21273,20
2021-2-2,21336,63
2021-2-3,21420,84
2021-2-4,21497,77
2021-2-5,21603,106
2021-2-6,21676,73
2021-2-7,21738,62
2021-2-8,21779,41
2021-2-9,21802,23
2021-2-10,21869,67
2021-2-11,21985,116
2021-2-12,22027,42
2021-2-13,22087,60
2021-2-14,22121,34
2021-2-15,22166,45
2021-2-16,22199,33
2021-2-17,22224,25
2021-2-18,22297,73
2021-2-19,22368,71
2021-2-20,22426,58
2021-2-21,22466,40
2021-2-22,22506,40
2021-2-23,22528,22
2021-2-24,22575,47
2021-2-25,22607,32
2021-2-26,22675,68
2021-2-27,22710,35
2021-2-28,22735,25
2021-3-1,22759,24
2021-3-2,22803,44
2021-3-3,22853,50
2021-3-4,22902,49
2021-3-5,22946,44
2021-3-6,23002,56
2021-3-7,23014,12
