Date,INDATA.Death,INDATA.DeathIncrease
2020-2-27,0,0
2020-2-28,0,0
2020-2-29,0,0
2020-3-1,0,0
2020-3-2,0,0
2020-3-3,0,0
2020-3-4,0,0
2020-3-5,0,0
2020-3-6,0,0
2020-3-7,0,0
2020-3-8,0,0
2020-3-9,0,0
2020-3-10,0,0
2020-3-11,0,0
2020-3-12,0,0
2020-3-13,0,0
2020-3-14,0,0
2020-3-15,0,0
2020-3-16,1,1
2020-3-17,2,1
2020-3-18,2,0
2020-3-19,2,0
2020-3-20,2,0
2020-3-21,4,2
2020-3-22,6,2
2020-3-23,7,1
2020-3-24,12,5
2020-3-25,14,2
2020-3-26,17,3
2020-3-27,24,7
2020-3-28,31,7
2020-3-29,32,1
2020-3-30,35,3
2020-3-31,49,14
2020-4-1,65,16
2020-4-2,78,13
2020-4-3,102,24
2020-4-4,116,14
2020-4-5,127,11
2020-4-6,139,12
2020-4-7,173,34
2020-4-8,203,30
2020-4-9,245,42
2020-4-10,300,55
2020-4-11,330,30
2020-4-12,343,13
2020-4-13,350,7
2020-4-14,388,38
2020-4-15,436,48
2020-4-16,477,41
2020-4-17,519,42
2020-4-18,545,26
2020-4-19,562,17
2020-4-20,569,7
2020-4-21,630,61
2020-4-22,661,31
2020-4-23,706,45
2020-4-24,741,35
2020-4-25,785,44
2020-4-26,813,28
2020-4-27,844,31
2020-4-28,901,57
2020-4-29,1065,164
2020-4-30,1114,49
2020-5-1,1175,61
2020-5-2,1229,54
2020-5-3,1246,17
2020-5-4,1264,18
2020-5-5,1326,62
2020-5-6,1377,51
2020-5-7,1414,37
2020-5-8,1447,33
2020-5-9,1490,43
2020-5-10,1508,18
2020-5-11,1540,32
2020-5-12,1578,38
2020-5-13,1619,41
2020-5-14,1646,27
2020-5-15,1691,45
2020-5-16,1741,50
2020-5-17,1751,10
2020-5-18,1765,14
2020-5-19,1824,59
2020-5-20,1864,40
2020-5-21,1913,49
2020-5-22,1941,28
2020-5-23,1943,2
2020-5-24,1976,33
2020-5-25,1976,0
2020-5-26,2004,28
2020-5-27,2030,26
2020-5-28,2068,38
2020-5-29,2110,42
2020-5-30,2125,15
2020-5-31,2134,9
2020-6-1,2142,8
2020-6-2,2197,55
2020-6-3,2207,10
2020-6-4,2231,24
2020-6-5,2258,27
2020-6-6,2292,34
2020-6-7,2303,11
2020-6-8,2316,13
2020-6-9,2339,23
2020-6-10,2355,16
2020-6-11,2380,25
2020-6-12,2396,16
2020-6-13,2413,17
2020-6-14,2422,9
2020-6-15,2433,11
2020-6-16,2447,14
2020-6-17,2475,28
2020-6-18,2491,16
2020-6-19,2516,25
2020-6-20,2536,20
2020-6-21,2540,4
2020-6-22,2553,13
2020-6-23,2569,16
2020-6-24,2578,9
2020-6-25,2586,8
2020-6-26,2595,9
2020-6-27,2616,21
2020-6-28,2619,3
2020-6-29,2624,5
2020-6-30,2640,16
2020-7-1,2650,10
2020-7-2,2662,12
2020-7-3,2681,19
2020-7-4,2687,6
2020-7-5,2693,6
2020-7-6,2698,5
2020-7-7,2717,19
2020-7-8,2732,15
2020-7-9,2739,7
2020-7-10,2748,9
2020-7-11,2756,8
2020-7-12,2760,4
2020-7-13,2762,2
2020-7-14,2775,13
2020-7-15,2785,10
2020-7-16,2795,10
2020-7-17,2803,8
2020-7-18,2820,17
2020-7-19,2822,2
2020-7-20,2825,3
2020-7-21,2846,21
2020-7-22,2863,17
2020-7-23,2880,17
2020-7-24,2884,4
2020-7-25,2895,11
2020-7-26,2903,8
2020-7-27,2906,3
2020-7-28,2924,18
2020-7-29,2932,8
2020-7-30,2946,14
2020-7-31,2965,19
2020-8-1,2971,6
2020-8-2,2975,4
2020-8-3,2980,5
2020-8-4,2996,16
2020-8-5,3007,11
2020-8-6,3013,6
2020-8-7,3023,10
2020-8-8,3036,13
2020-8-9,3041,5
2020-8-10,3044,3
2020-8-11,3069,25
2020-8-12,3086,17
2020-8-13,3105,19
2020-8-14,3113,8
2020-8-15,3128,15
2020-8-16,3133,5
2020-8-17,3135,2
2020-8-18,3165,30
2020-8-19,3180,15
2020-8-20,3191,11
2020-8-21,3208,17
2020-8-22,3218,10
2020-8-23,3220,2
2020-8-24,3225,5
2020-8-25,3241,16
2020-8-26,3259,18
2020-8-27,3266,7
2020-8-28,3277,11
2020-8-29,3285,8
2020-8-30,3291,6
2020-8-31,3296,5
2020-9-1,3312,16
2020-9-2,3325,13
2020-9-3,3332,7
2020-9-4,3350,18
2020-9-5,3362,12
2020-9-6,3364,2
2020-9-7,3368,4
2020-9-8,3380,12
2020-9-9,3397,17
2020-9-10,3410,13
2020-9-11,3420,10
2020-9-12,3437,17
2020-9-13,3438,1
2020-9-14,3439,1
2020-9-15,3460,21
2020-9-16,3472,12
2020-9-17,3478,6
2020-9-18,3495,17
2020-9-19,3503,8
2020-9-20,3506,3
2020-9-21,3512,6
2020-9-22,3520,8
2020-9-23,3530,10
2020-9-24,3548,18
2020-9-25,3566,18
2020-9-26,3577,11
2020-9-27,3580,3
2020-9-28,3591,11
2020-9-29,3612,21
2020-9-30,3632,20
2020-10-1,3645,13
2020-10-2,3656,11
2020-10-3,3669,13
2020-10-4,3674,5
2020-10-5,3681,7
2020-10-6,3711,30
2020-10-7,3727,16
2020-10-8,3742,15
2020-10-9,3761,19
2020-10-10,3782,21
2020-10-11,3789,7
2020-10-12,3795,6
2020-10-13,3822,27
2020-10-14,3836,14
2020-10-15,3864,28
2020-10-16,3887,23
2020-10-17,3918,31
2020-10-18,3937,19
2020-10-19,3960,23
2020-10-20,4008,48
2020-10-21,4023,15
2020-10-22,4065,42
2020-10-23,4092,27
2020-10-24,4118,26
2020-10-25,4130,12
2020-10-26,4143,13
2020-10-27,4194,51
2020-10-28,4227,33
2020-10-29,4260,33
2020-10-30,4286,26
2020-10-31,4332,46
2020-11-1,4364,32
2020-11-2,4390,26
2020-11-3,4439,49
2020-11-4,4464,25
2020-11-5,4511,47
2020-11-6,4547,36
2020-11-7,4592,45
2020-11-8,4629,37
2020-11-9,4664,35
2020-11-10,4731,67
2020-11-11,4762,31
2020-11-12,4813,51
2020-11-13,4863,50
2020-11-14,4888,25
2020-11-15,4910,22
2020-11-16,4936,26
2020-11-17,5025,89
2020-11-18,5084,59
2020-11-19,5143,59
2020-11-20,5206,63
2020-11-21,5246,40
2020-11-22,5305,59
2020-11-23,5332,27
2020-11-24,5435,103
2020-11-25,5498,63
2020-11-26,5561,63
2020-11-27,5594,33
2020-11-28,5663,69
2020-11-29,5685,22
2020-11-30,5723,38
2020-12-1,5864,141
2020-12-2,5973,109
2020-12-3,6033,60
2020-12-4,6122,89
2020-12-5,6207,85
2020-12-6,6242,35
2020-12-7,6284,42
2020-12-8,6410,126
2020-12-9,6506,96
2020-12-10,6603,97
2020-12-11,6673,70
2020-12-12,6758,85
2020-12-13,6805,47
2020-12-14,6840,35
2020-12-15,6968,128
2020-12-16,7101,133
2020-12-17,7180,79
2020-12-18,7265,85
2020-12-19,7338,73
2020-12-20,7404,66
2020-12-21,7438,34
2020-12-22,7581,143
2020-12-23,7645,64
2020-12-24,7730,85
2020-12-25,7770,40
2020-12-26,7801,31
2020-12-27,7843,42
2020-12-28,7886,43
2020-12-29,8051,165
2020-12-30,8160,109
2020-12-31,8263,103
2021-1-1,8371,108
2021-1-2,8410,39
2021-1-3,8475,65
2021-1-4,8514,39
2021-1-5,8663,149
2021-1-6,8743,80
2021-1-7,8823,80
2021-1-8,8892,69
2021-1-9,8966,74
2021-1-10,8985,19
2021-1-11,9016,31
2021-1-12,9104,88
2021-1-13,9163,59
2021-1-14,9202,39
2021-1-15,9246,44
2021-1-16,9287,41
2021-1-17,9310,23
2021-1-18,9340,30
2021-1-19,9466,126
2021-1-20,9529,63
2021-1-21,9593,64
2021-1-22,9642,49
2021-1-23,9693,51
2021-1-24,9716,23
2021-1-25,9728,12
2021-1-26,9807,79
2021-1-27,9845,38
2021-1-28,9879,34
2021-1-29,9925,46
2021-1-30,9967,42
2021-1-31,9974,7
2021-2-1,9989,15
2021-2-2,10054,65
2021-2-3,10091,37
2021-2-4,11637,1546
2021-2-5,11686,49
2021-2-6,11752,66
2021-2-7,11817,65
2021-2-8,11875,58
2021-2-9,11942,67
2021-2-10,12001,59
2021-2-11,12027,26
2021-2-12,12117,90
2021-2-13,12149,32
2021-2-14,12173,24
2021-2-15,12191,18
2021-2-16,12231,40
2021-2-17,12250,19
2021-2-18,12281,31
2021-2-19,12325,44
2021-2-20,12336,11
2021-2-21,12372,36
2021-2-22,12407,35
2021-2-23,12450,43
2021-2-24,12467,17
2021-2-25,12494,27
2021-2-26,12531,37
2021-2-27,12556,25
2021-2-28,12573,17
2021-3-1,12595,22
2021-3-2,12623,28
2021-3-3,12633,10
2021-3-4,12663,30
2021-3-5,12697,34
2021-3-6,12726,29
2021-3-7,12737,11
