Date,MNDATA.Death,MNDATA.DeathIncrease
2020-3-6,0,0
2020-3-7,0,0
2020-3-8,0,0
2020-3-9,0,0
2020-3-10,0,0
2020-3-11,0,0
2020-3-12,0,0
2020-3-13,0,0
2020-3-14,0,0
2020-3-15,0,0
2020-3-16,0,0
2020-3-17,0,0
2020-3-18,0,0
2020-3-19,0,0
2020-3-20,0,0
2020-3-21,1,1
2020-3-22,1,0
2020-3-23,1,0
2020-3-24,1,0
2020-3-25,1,0
2020-3-26,2,1
2020-3-27,4,2
2020-3-28,5,1
2020-3-29,9,4
2020-3-30,10,1
2020-3-31,12,2
2020-4-1,17,5
2020-4-2,18,1
2020-4-3,22,4
2020-4-4,24,2
2020-4-5,29,5
2020-4-6,30,1
2020-4-7,34,4
2020-4-8,39,5
2020-4-9,50,11
2020-4-10,57,7
2020-4-11,64,7
2020-4-12,70,6
2020-4-13,70,0
2020-4-14,79,9
2020-4-15,87,8
2020-4-16,94,7
2020-4-17,111,17
2020-4-18,121,10
2020-4-19,134,13
2020-4-20,143,9
2020-4-21,160,17
2020-4-22,179,19
2020-4-23,200,21
2020-4-24,221,21
2020-4-25,244,23
2020-4-26,272,28
2020-4-27,286,14
2020-4-28,301,15
2020-4-29,319,18
2020-4-30,343,24
2020-5-1,371,28
2020-5-2,395,24
2020-5-3,419,24
2020-5-4,428,9
2020-5-5,455,27
2020-5-6,485,30
2020-5-7,508,23
2020-5-8,534,26
2020-5-9,558,24
2020-5-10,578,20
2020-5-11,591,13
2020-5-12,614,23
2020-5-13,638,24
2020-5-14,663,25
2020-5-15,692,29
2020-5-16,709,17
2020-5-17,731,22
2020-5-18,740,9
2020-5-19,757,17
2020-5-20,786,29
2020-5-21,818,32
2020-5-22,851,33
2020-5-23,861,10
2020-5-24,878,17
2020-5-25,890,12
2020-5-26,908,18
2020-5-27,942,34
2020-5-28,977,35
2020-5-29,1006,29
2020-5-30,1036,30
2020-5-31,1050,14
2020-6-1,1060,10
2020-6-2,1082,22
2020-6-3,1097,15
2020-6-4,1126,29
2020-6-5,1159,33
2020-6-6,1181,22
2020-6-7,1197,16
2020-6-8,1208,11
2020-6-9,1228,20
2020-6-10,1267,39
2020-6-11,1280,13
2020-6-12,1305,25
2020-6-13,1314,9
2020-6-14,1329,15
2020-6-15,1335,6
2020-6-16,1344,9
2020-6-17,1357,13
2020-6-18,1376,19
2020-6-19,1393,17
2020-6-20,1404,11
2020-6-21,1412,8
2020-6-22,1416,4
2020-6-23,1425,9
2020-6-24,1432,7
2020-6-25,1441,9
2020-6-26,1446,5
2020-6-27,1452,6
2020-6-28,1460,8
2020-6-29,1470,10
2020-6-30,1476,6
2020-7-1,1482,6
2020-7-2,1495,13
2020-7-3,1503,8
2020-7-4,1503,0
2020-7-5,1508,5
2020-7-6,1511,3
2020-7-7,1514,3
2020-7-8,1523,9
2020-7-9,1528,5
2020-7-10,1533,5
2020-7-11,1537,4
2020-7-12,1540,3
2020-7-13,1542,2
2020-7-14,1548,6
2020-7-15,1558,10
2020-7-16,1566,8
2020-7-17,1573,7
2020-7-18,1578,5
2020-7-19,1581,3
2020-7-20,1585,4
2020-7-21,1588,3
2020-7-22,1592,4
2020-7-23,1601,9
2020-7-24,1606,5
2020-7-25,1611,5
2020-7-26,1614,3
2020-7-27,1616,2
2020-7-28,1620,4
2020-7-29,1629,9
2020-7-30,1634,5
2020-7-31,1640,6
2020-8-1,1646,6
2020-8-2,1654,8
2020-8-3,1656,2
2020-8-4,1660,4
2020-8-5,1670,10
2020-8-6,1677,7
2020-8-7,1681,4
2020-8-8,1689,8
2020-8-9,1698,9
2020-8-10,1701,3
2020-8-11,1707,6
2020-8-12,1724,17
2020-8-13,1731,7
2020-8-14,1739,8
2020-8-15,1745,6
2020-8-16,1752,7
2020-8-17,1758,6
2020-8-18,1767,9
2020-8-19,1784,17
2020-8-20,1791,7
2020-8-21,1799,8
2020-8-22,1807,8
2020-8-23,1813,6
2020-8-24,1817,4
2020-8-25,1825,8
2020-8-26,1842,17
2020-8-27,1855,13
2020-8-28,1859,4
2020-8-29,1863,4
2020-8-30,1865,2
2020-8-31,1866,1
2020-9-1,1872,6
2020-9-2,1882,10
2020-9-3,1889,7
2020-9-4,1899,10
2020-9-5,1903,4
2020-9-6,1909,6
2020-9-7,1912,3
2020-9-8,1914,2
2020-9-9,1921,7
2020-9-10,1936,15
2020-9-11,1949,13
2020-9-12,1958,9
2020-9-13,1971,13
2020-9-14,1974,3
2020-9-15,1979,5
2020-9-16,1985,6
2020-9-17,1994,9
2020-9-18,2002,8
2020-9-19,2015,13
2020-9-20,2017,2
2020-9-21,2021,4
2020-9-22,2031,10
2020-9-23,2037,6
2020-9-24,2040,3
2020-9-25,2046,6
2020-9-26,2056,10
2020-9-27,2060,4
2020-9-28,2067,7
2020-9-29,2072,5
2020-9-30,2089,17
2020-10-1,2102,13
2020-10-2,2112,10
2020-10-3,2126,14
2020-10-4,2133,7
2020-10-5,2136,3
2020-10-6,2140,4
2020-10-7,2154,14
2020-10-8,2160,6
2020-10-9,2174,14
2020-10-10,2184,10
2020-10-11,2194,10
2020-10-12,2197,3
2020-10-13,2204,7
2020-10-14,2180,0
2020-10-15,2199,19
2020-10-16,2212,13
2020-10-17,2217,5
2020-10-18,2234,17
2020-10-19,2239,5
2020-10-20,2246,7
2020-10-21,2281,35
2020-10-22,2301,20
2020-10-23,2314,13
2020-10-24,2328,14
2020-10-25,2349,21
2020-10-26,2353,4
2020-10-27,2368,15
2020-10-28,2387,19
2020-10-29,2419,32
2020-10-30,2437,18
2020-10-31,2457,20
2020-11-1,2475,18
2020-11-2,2484,9
2020-11-3,2499,15
2020-11-4,2530,31
2020-11-5,2555,25
2020-11-6,2591,36
2020-11-7,2625,34
2020-11-8,2656,31
2020-11-9,2675,19
2020-11-10,2698,23
2020-11-11,2754,56
2020-11-12,2793,39
2020-11-13,2839,46
2020-11-14,2874,35
2020-11-15,2905,31
2020-11-16,2917,12
2020-11-17,2943,26
2020-11-18,3010,67
2020-11-19,3082,72
2020-11-20,3150,68
2020-11-21,3201,51
2020-11-22,3241,40
2020-11-23,3265,24
2020-11-24,3303,38
2020-11-25,3375,72
2020-11-26,3375,0
2020-11-27,3476,101
2020-11-28,3521,45
2020-11-29,3578,57
2020-11-30,3593,15
2020-12-1,3615,22
2020-12-2,3692,77
2020-12-3,3784,92
2020-12-4,3845,61
2020-12-5,3920,75
2020-12-6,3984,64
2020-12-7,4005,21
2020-12-8,4027,22
2020-12-9,4109,82
2020-12-10,4198,89
2020-12-11,4292,94
2020-12-12,4359,67
2020-12-13,4444,85
2020-12-14,4462,18
2020-12-15,4483,21
2020-12-16,4575,92
2020-12-17,4658,83
2020-12-18,4723,65
2020-12-19,4780,57
2020-12-20,4850,70
2020-12-21,4872,22
2020-12-22,4896,24
2020-12-23,4971,75
2020-12-24,5050,79
2020-12-25,5050,0
2020-12-26,5107,57
2020-12-27,5147,40
2020-12-28,5160,13
2020-12-29,5196,36
2020-12-30,5262,66
2020-12-31,5323,61
2021-1-1,5323,0
2021-1-2,5377,54
2021-1-3,5430,53
2021-1-4,5443,13
2021-1-5,5461,18
2021-1-6,5528,67
2021-1-7,5572,44
2021-1-8,5620,48
2021-1-9,5663,43
2021-1-10,5707,44
2021-1-11,5711,4
2021-1-12,5724,13
2021-1-13,5774,50
2021-1-14,5817,43
2021-1-15,5850,33
2021-1-16,5887,37
2021-1-17,5927,40
2021-1-18,5939,12
2021-1-19,5945,6
2021-1-20,5979,34
2021-1-21,6011,32
2021-1-22,6032,21
2021-1-23,6063,31
2021-1-24,6095,32
2021-1-25,6098,3
2021-1-26,6106,8
2021-1-27,6124,18
2021-1-28,6140,16
2021-1-29,6168,28
2021-1-30,6187,19
2021-1-31,6200,13
2021-2-1,6202,2
2021-2-2,6210,8
2021-2-3,6234,24
2021-2-4,6251,17
2021-2-5,6273,22
2021-2-6,6289,16
2021-2-7,6299,10
2021-2-8,6302,3
2021-2-9,6308,6
2021-2-10,6319,11
2021-2-11,6343,24
2021-2-12,6362,19
2021-2-13,6369,7
2021-2-14,6376,7
2021-2-15,6378,2
2021-2-16,6380,2
2021-2-17,6390,10
2021-2-18,6404,14
2021-2-19,6412,8
2021-2-20,6423,11
2021-2-21,6432,9
2021-2-22,6433,1
2021-2-23,6434,1
2021-2-24,6443,9
2021-2-25,6450,7
2021-2-26,6462,12
2021-2-27,6475,13
2021-2-28,6483,8
2021-3-1,6486,3
2021-3-2,6490,4
2021-3-3,6507,17
2021-3-4,6521,14
2021-3-5,6534,13
2021-3-6,6546,12
2021-3-7,6550,4
