Date,ORDATA.Death,ORDATA.DeathIncrease
2020-3-4,0,0
2020-3-5,0,0
2020-3-6,0,0
2020-3-7,0,0
2020-3-8,0,0
2020-3-9,0,0
2020-3-10,0,0
2020-3-11,0,0
2020-3-12,0,0
2020-3-13,0,0
2020-3-14,0,0
2020-3-15,0,0
2020-3-16,0,0
2020-3-17,0,0
2020-3-18,0,0
2020-3-19,3,3
2020-3-20,3,0
2020-3-21,3,0
2020-3-22,3,0
2020-3-23,4,1
2020-3-24,5,1
2020-3-25,8,3
2020-3-26,8,0
2020-3-27,11,3
2020-3-28,12,1
2020-3-29,13,1
2020-3-30,13,0
2020-3-31,16,3
2020-4-1,18,2
2020-4-2,18,0
2020-4-3,21,3
2020-4-4,22,1
2020-4-5,26,4
2020-4-6,27,1
2020-4-7,27,0
2020-4-8,33,6
2020-4-9,33,0
2020-4-10,44,11
2020-4-11,48,4
2020-4-12,51,3
2020-4-13,52,1
2020-4-14,53,1
2020-4-15,55,2
2020-4-16,58,3
2020-4-17,64,6
2020-4-18,70,6
2020-4-19,72,2
2020-4-20,74,2
2020-4-21,75,1
2020-4-22,78,3
2020-4-23,78,0
2020-4-24,83,5
2020-4-25,86,3
2020-4-26,87,1
2020-4-27,91,4
2020-4-28,92,1
2020-4-29,99,7
2020-4-30,101,2
2020-5-1,103,2
2020-5-2,104,1
2020-5-3,109,5
2020-5-4,109,0
2020-5-5,109,0
2020-5-6,113,4
2020-5-7,115,2
2020-5-8,121,6
2020-5-9,124,3
2020-5-10,127,3
2020-5-11,127,0
2020-5-12,130,3
2020-5-13,130,0
2020-5-14,134,4
2020-5-15,137,3
2020-5-16,137,0
2020-5-17,137,0
2020-5-18,137,0
2020-5-19,138,1
2020-5-20,140,2
2020-5-21,144,4
2020-5-22,145,1
2020-5-23,147,2
2020-5-24,147,0
2020-5-25,148,1
2020-5-26,148,0
2020-5-27,148,0
2020-5-28,148,0
2020-5-29,151,3
2020-5-30,151,0
2020-5-31,153,2
2020-6-1,153,0
2020-6-2,154,1
2020-6-3,157,3
2020-6-4,159,2
2020-6-5,159,0
2020-6-6,161,2
2020-6-7,163,2
2020-6-8,164,1
2020-6-9,164,0
2020-6-10,169,5
2020-6-11,169,0
2020-6-12,171,2
2020-6-13,173,2
2020-6-14,174,1
2020-6-15,176,2
2020-6-16,180,4
2020-6-17,182,2
2020-6-18,183,1
2020-6-19,187,4
2020-6-20,188,1
2020-6-21,189,1
2020-6-22,190,1
2020-6-23,192,2
2020-6-24,192,0
2020-6-25,195,3
2020-6-26,197,2
2020-6-27,202,5
2020-6-28,202,0
2020-6-29,202,0
2020-6-30,204,2
2020-7-1,207,3
2020-7-2,208,1
2020-7-3,209,1
2020-7-4,209,0
2020-7-5,213,4
2020-7-6,215,2
2020-7-7,215,0
2020-7-8,220,5
2020-7-9,224,4
2020-7-10,230,6
2020-7-11,232,2
2020-7-12,232,0
2020-7-13,234,2
2020-7-14,237,3
2020-7-15,244,7
2020-7-16,247,3
2020-7-17,249,2
2020-7-18,254,5
2020-7-19,257,3
2020-7-20,260,3
2020-7-21,262,2
2020-7-22,269,7
2020-7-23,269,0
2020-7-24,273,4
2020-7-25,282,9
2020-7-26,286,4
2020-7-27,289,3
2020-7-28,289,0
2020-7-29,303,14
2020-7-30,311,8
2020-7-31,316,5
2020-8-1,322,6
2020-8-2,325,3
2020-8-3,326,1
2020-8-4,328,2
2020-8-5,333,5
2020-8-6,338,5
2020-8-7,339,1
2020-8-8,348,9
2020-8-9,355,7
2020-8-10,356,1
2020-8-11,357,1
2020-8-12,368,11
2020-8-13,375,7
2020-8-14,383,8
2020-8-15,385,2
2020-8-16,386,1
2020-8-17,388,2
2020-8-18,388,0
2020-8-19,397,9
2020-8-20,408,11
2020-8-21,412,4
2020-8-22,414,2
2020-8-23,417,3
2020-8-24,417,0
2020-8-25,420,3
2020-8-26,428,8
2020-8-27,433,5
2020-8-28,438,5
2020-8-29,447,9
2020-8-30,454,7
2020-8-31,458,4
2020-9-1,459,1
2020-9-2,465,6
2020-9-3,468,3
2020-9-4,470,2
2020-9-5,475,5
2020-9-6,480,5
2020-9-7,481,1
2020-9-8,482,1
2020-9-9,486,4
2020-9-10,494,8
2020-9-11,497,3
2020-9-12,499,2
2020-9-13,505,6
2020-9-14,509,4
2020-9-15,511,2
2020-9-16,519,8
2020-9-17,521,2
2020-9-18,521,0
2020-9-19,521,0
2020-9-20,525,4
2020-9-21,526,1
2020-9-22,529,3
2020-9-23,532,3
2020-9-24,538,6
2020-9-25,539,1
2020-9-26,542,3
2020-9-27,546,4
2020-9-28,547,1
2020-9-29,547,0
2020-9-30,555,8
2020-10-1,559,4
2020-10-2,560,1
2020-10-3,563,3
2020-10-4,571,8
2020-10-5,572,1
2020-10-6,572,0
2020-10-7,581,9
2020-10-8,583,2
2020-10-9,594,11
2020-10-10,597,3
2020-10-11,599,2
2020-10-12,599,0
2020-10-13,599,0
2020-10-14,605,6
2020-10-15,608,3
2020-10-16,611,3
2020-10-17,617,6
2020-10-18,620,3
2020-10-19,620,0
2020-10-20,628,8
2020-10-21,633,5
2020-10-22,635,2
2020-10-23,646,11
2020-10-24,649,3
2020-10-25,653,4
2020-10-26,653,0
2020-10-27,655,2
2020-10-28,664,9
2020-10-29,671,7
2020-10-30,673,2
2020-10-31,675,2
2020-11-1,689,14
2020-11-2,691,2
2020-11-3,692,1
2020-11-4,701,9
2020-11-5,705,4
2020-11-6,710,5
2020-11-7,716,6
2020-11-8,729,13
2020-11-9,730,1
2020-11-10,734,4
2020-11-11,737,3
2020-11-12,742,5
2020-11-13,746,4
2020-11-14,753,7
2020-11-15,759,6
2020-11-16,761,2
2020-11-17,765,4
2020-11-18,778,13
2020-11-19,788,10
2020-11-20,808,20
2020-11-21,812,4
2020-11-22,819,7
2020-11-23,820,1
2020-11-24,826,6
2020-11-25,847,21
2020-11-26,867,20
2020-11-27,882,15
2020-11-28,885,3
2020-11-29,896,11
2020-11-30,905,9
2020-12-1,912,7
2020-12-2,936,24
2020-12-3,953,17
2020-12-4,973,20
2020-12-5,1003,30
2020-12-6,1027,24
2020-12-7,1033,6
2020-12-8,1045,12
2020-12-9,1080,35
2020-12-10,1110,30
2020-12-11,1123,13
2020-12-12,1138,15
2020-12-13,1150,12
2020-12-14,1155,5
2020-12-15,1161,6
2020-12-16,1214,53
2020-12-17,1262,48
2020-12-18,1283,21
2020-12-19,1304,21
2020-12-20,1340,36
2020-12-21,1341,1
2020-12-22,1347,6
2020-12-23,1382,35
2020-12-24,1403,21
2020-12-25,1415,12
2020-12-26,1422,7
2020-12-27,1422,0
2020-12-28,1427,5
2020-12-29,1433,6
2020-12-30,1449,16
2020-12-31,1468,19
2021-1-1,1477,9
2021-1-2,1490,13
2021-1-3,1492,2
2021-1-4,1500,8
2021-1-5,1506,6
2021-1-6,1550,44
2021-1-7,1558,8
2021-1-8,1568,10
2021-1-9,1575,7
2021-1-10,1603,28
2021-1-11,1605,2
2021-1-12,1613,8
2021-1-13,1667,54
2021-1-14,1708,41
2021-1-15,1737,29
2021-1-16,1758,21
2021-1-17,1799,41
2021-1-18,1800,1
2021-1-19,1803,3
2021-1-20,1808,5
2021-1-21,1832,24
2021-1-22,1843,11
2021-1-23,1865,22
2021-1-24,1877,12
2021-1-25,1880,3
2021-1-26,1882,2
2021-1-27,1904,22
2021-1-28,1924,20
2021-1-29,1930,6
2021-1-30,1938,8
2021-1-31,1957,19
2021-2-1,1957,0
2021-2-2,1958,1
2021-2-3,1981,23
2021-2-4,1991,10
2021-2-5,1998,7
2021-2-6,2002,4
2021-2-7,2019,17
2021-2-8,2023,4
2021-2-9,2024,1
2021-2-10,2031,7
2021-2-11,2044,13
2021-2-12,2056,12
2021-2-13,2094,38
2021-2-14,2137,43
2021-2-15,2137,0
2021-2-16,2137,0
2021-2-17,2138,1
2021-2-18,2143,5
2021-2-19,2149,6
2021-2-20,2149,0
2021-2-21,2154,5
2021-2-22,2155,1
2021-2-23,2155,0
2021-2-24,2162,7
2021-2-25,2194,32
2021-2-26,2204,10
2021-2-27,2206,2
2021-2-28,2208,2
2021-3-1,2208,0
2021-3-2,2212,4
2021-3-3,2225,13
2021-3-4,2252,27
2021-3-5,2284,32
2021-3-6,2293,9
2021-3-7,2296,3
