Date,WADATA.Death,WADATA.DeathIncrease
2020-1-13,0,0
2020-1-14,0,0
2020-1-15,0,0
2020-1-16,0,0
2020-1-17,0,0
2020-1-18,0,0
2020-1-19,0,0
2020-1-20,0,0
2020-1-21,0,0
2020-1-22,0,0
2020-1-23,0,0
2020-1-24,0,0
2020-1-25,0,0
2020-1-26,0,0
2020-1-27,0,0
2020-1-28,0,0
2020-1-29,0,0
2020-1-30,0,0
2020-1-31,0,0
2020-2-1,0,0
2020-2-2,0,0
2020-2-3,0,0
2020-2-4,0,0
2020-2-5,0,0
2020-2-6,0,0
2020-2-7,0,0
2020-2-8,0,0
2020-2-9,0,0
2020-2-10,0,0
2020-2-11,0,0
2020-2-12,0,0
2020-2-13,0,0
2020-2-14,0,0
2020-2-15,0,0
2020-2-16,0,0
2020-2-17,0,0
2020-2-18,0,0
2020-2-19,0,0
2020-2-20,0,0
2020-2-21,0,0
2020-2-22,0,0
2020-2-23,0,0
2020-2-24,0,0
2020-2-25,0,0
2020-2-26,2,2
2020-2-27,2,0
2020-2-28,4,2
2020-2-29,5,1
2020-3-1,8,3
2020-3-2,11,3
2020-3-3,14,3
2020-3-4,16,2
2020-3-5,20,4
2020-3-6,26,6
2020-3-7,27,1
2020-3-8,31,4
2020-3-9,35,4
2020-3-10,37,2
2020-3-11,40,3
2020-3-12,44,4
2020-3-13,47,3
2020-3-14,51,4
2020-3-15,57,6
2020-3-16,69,12
2020-3-17,78,9
2020-3-18,82,4
2020-3-19,92,10
2020-3-20,104,12
2020-3-21,111,7
2020-3-22,126,15
2020-3-23,137,11
2020-3-24,146,9
2020-3-25,159,13
2020-3-26,183,24
2020-3-27,199,16
2020-3-28,220,21
2020-3-29,237,17
2020-3-30,248,11
2020-3-31,262,14
2020-4-1,282,20
2020-4-2,310,28
2020-4-3,338,28
2020-4-4,365,27
2020-4-5,386,21
2020-4-6,407,21
2020-4-7,429,22
2020-4-8,443,14
2020-4-9,459,16
2020-4-10,476,17
2020-4-11,494,18
2020-4-12,509,15
2020-4-13,526,17
2020-4-14,542,16
2020-4-15,551,9
2020-4-16,571,20
2020-4-17,585,14
2020-4-18,598,13
2020-4-19,615,17
2020-4-20,629,14
2020-4-21,640,11
2020-4-22,647,7
2020-4-23,654,7
2020-4-24,659,5
2020-4-25,665,6
2020-4-26,738,73
2020-4-27,749,11
2020-4-28,765,16
2020-4-29,786,21
2020-4-30,801,15
2020-5-1,814,13
2020-5-2,824,10
2020-5-3,830,6
2020-5-4,834,4
2020-5-5,841,7
2020-5-6,862,21
2020-5-7,870,8
2020-5-8,891,21
2020-5-9,905,14
2020-5-10,921,16
2020-5-11,931,10
2020-5-12,945,14
2020-5-13,962,17
2020-5-14,975,13
2020-5-15,983,8
2020-5-16,992,9
2020-5-17,1000,8
2020-5-18,1001,1
2020-5-19,1002,1
2020-5-20,1031,29
2020-5-21,1037,6
2020-5-22,1044,7
2020-5-23,1050,6
2020-5-24,1055,5
2020-5-25,1061,6
2020-5-26,1070,9
2020-5-27,1078,8
2020-5-28,1095,17
2020-5-29,1106,11
2020-5-30,1111,5
2020-5-31,1118,7
2020-6-1,1118,0
2020-6-2,1124,6
2020-6-3,1129,5
2020-6-4,1135,6
2020-6-5,1138,3
2020-6-6,1149,11
2020-6-7,1153,4
2020-6-8,1159,6
2020-6-9,1161,2
2020-6-10,1176,15
2020-6-11,1190,14
2020-6-12,1194,4
2020-6-13,1204,10
2020-6-14,1213,9
2020-6-15,1217,4
2020-6-16,1221,4
2020-6-17,1231,10
2020-6-18,1226,0
2020-6-19,1245,19
2020-6-20,1255,10
2020-6-21,1265,10
2020-6-22,1270,5
2020-6-23,1276,6
2020-6-24,1284,8
2020-6-25,1293,9
2020-6-26,1300,7
2020-6-27,1304,4
2020-6-28,1310,6
2020-6-29,1310,0
2020-6-30,1320,10
2020-7-1,1332,12
2020-7-2,1339,7
2020-7-3,1342,3
2020-7-4,1352,10
2020-7-5,1354,2
2020-7-6,1359,5
2020-7-7,1370,11
2020-7-8,1384,14
2020-7-9,1394,10
2020-7-10,1409,15
2020-7-11,1424,15
2020-7-12,1424,0
2020-7-13,1438,14
2020-7-14,1399,0
2020-7-15,1404,5
2020-7-16,1421,17
2020-7-17,1427,6
2020-7-18,1434,7
2020-7-19,1444,10
2020-7-20,1447,3
2020-7-21,1453,6
2020-7-22,1465,12
2020-7-23,1468,3
2020-7-24,1482,14
2020-7-25,1495,13
2020-7-26,1494,0
2020-7-27,1501,7
2020-7-28,1518,17
2020-7-29,1548,30
2020-7-30,1555,7
2020-7-31,1564,9
2020-8-1,1564,0
2020-8-2,1592,28
2020-8-3,1596,4
2020-8-4,1600,4
2020-8-5,1619,19
2020-8-6,1624,5
2020-8-7,1653,29
2020-8-8,1672,19
2020-8-9,1688,16
2020-8-10,1688,0
2020-8-11,1697,9
2020-8-12,1716,19
2020-8-13,1724,8
2020-8-14,1736,12
2020-8-15,1755,19
2020-8-16,1766,11
2020-8-17,1781,15
2020-8-18,1785,4
2020-8-19,1809,24
2020-8-20,1822,13
2020-8-21,1837,15
2020-8-22,1850,13
2020-8-23,1857,7
2020-8-24,1863,6
2020-8-25,1867,4
2020-8-26,1876,9
2020-8-27,1880,4
2020-8-28,1890,10
2020-8-29,1905,15
2020-8-30,1905,0
2020-8-31,1905,0
2020-9-1,1915,10
2020-9-2,1931,16
2020-9-3,1935,4
2020-9-4,1945,10
2020-9-5,1953,8
2020-9-6,1953,0
2020-9-7,1953,0
2020-9-8,1953,0
2020-9-9,1978,25
2020-9-10,1985,7
2020-9-11,1991,6
2020-9-12,1991,0
2020-9-13,1991,0
2020-9-14,2006,15
2020-9-15,2015,9
2020-9-16,2020,5
2020-9-17,2031,11
2020-9-18,2037,6
2020-9-19,2037,0
2020-9-20,2037,0
2020-9-21,2037,0
2020-9-22,2070,33
2020-9-23,2070,0
2020-9-24,2081,11
2020-9-25,2080,0
2020-9-26,2100,20
2020-9-27,2100,0
2020-9-28,2100,0
2020-9-29,2100,0
2020-9-30,2124,24
2020-10-1,2126,2
2020-10-2,2132,6
2020-10-3,2143,11
2020-10-4,2142,0
2020-10-5,2142,0
2020-10-6,2158,16
2020-10-7,2165,7
2020-10-8,2177,12
2020-10-9,2183,6
2020-10-10,2190,7
2020-10-11,2190,0
2020-10-12,2190,0
2020-10-13,2211,21
2020-10-14,2211,0
2020-10-15,2221,10
2020-10-16,2232,11
2020-10-17,2239,7
2020-10-18,2239,0
2020-10-19,2239,0
2020-10-20,2258,19
2020-10-21,2282,24
2020-10-22,2286,4
2020-10-23,2289,3
2020-10-24,2296,7
2020-10-25,2296,0
2020-10-26,2296,0
2020-10-27,2321,25
2020-10-28,2337,16
2020-10-29,2353,16
2020-10-30,2359,6
2020-10-31,2366,7
2020-11-1,2366,0
2020-11-2,2366,0
2020-11-3,2378,12
2020-11-4,2400,22
2020-11-5,2416,16
2020-11-6,2431,15
2020-11-7,2439,8
2020-11-8,2439,0
2020-11-9,2439,0
2020-11-10,2460,21
2020-11-11,2482,22
2020-11-12,2482,0
2020-11-13,2507,25
2020-11-14,2519,12
2020-11-15,2519,0
2020-11-16,2519,0
2020-11-17,2548,29
2020-11-18,2571,23
2020-11-19,2592,21
2020-11-20,2603,11
2020-11-21,2619,16
2020-11-22,2619,0
2020-11-23,2619,0
2020-11-24,2655,36
2020-11-25,2690,35
2020-11-26,2704,14
2020-11-27,2704,0
2020-11-28,2703,0
2020-11-29,2703,0
2020-11-30,2703,0
2020-12-1,2774,71
2020-12-2,2805,31
2020-12-3,2850,45
2020-12-4,2900,50
2020-12-5,2925,25
2020-12-6,2925,0
2020-12-7,2925,0
2020-12-8,2941,16
2020-12-9,2967,26
2020-12-10,3016,49
2020-12-11,2850,0
2020-12-12,2879,29
2020-12-13,2879,0
2020-12-14,2879,0
2020-12-15,2918,39
2020-12-16,2953,35
2020-12-17,3042,89
2020-12-18,3117,75
2020-12-19,3104,0
2020-12-20,3104,0
2020-12-21,3104,0
2020-12-22,3106,2
2020-12-23,3131,25
2020-12-24,3162,31
2020-12-25,3184,22
2020-12-26,3184,0
2020-12-27,3184,0
2020-12-28,3184,0
2020-12-29,3195,11
2020-12-30,3369,174
2020-12-31,3420,51
2021-1-1,3461,41
2021-1-2,3461,0
2021-1-3,3461,0
2021-1-4,3459,0
2021-1-5,3482,23
2021-1-6,3541,59
2021-1-7,3605,64
2021-1-8,3634,29
2021-1-9,3699,65
2021-1-10,3698,0
2021-1-11,3698,0
2021-1-12,3699,1
2021-1-13,3789,90
2021-1-14,3838,49
2021-1-15,3876,38
2021-1-16,3903,27
2021-1-17,3903,0
2021-1-18,3903,0
2021-1-19,3903,0
2021-1-20,3940,37
2021-1-21,3940,0
2021-1-22,4065,125
2021-1-23,4114,49
2021-1-24,4114,0
2021-1-25,4114,0
2021-1-26,4148,34
2021-1-27,4167,19
2021-1-28,4211,44
2021-1-29,4243,32
2021-1-30,4285,42
2021-1-31,4285,0
2021-2-1,4285,0
2021-2-2,4318,33
2021-2-3,4316,0
2021-2-4,4388,72
2021-2-5,4416,28
2021-2-6,4449,33
2021-2-7,4449,0
2021-2-8,4449,0
2021-2-9,4451,2
2021-2-10,4558,107
2021-2-11,4603,45
2021-2-12,4633,30
2021-2-13,4675,42
2021-2-14,4675,0
2021-2-15,4675,0
2021-2-16,4675,0
2021-2-17,4709,34
2021-2-18,4759,50
2021-2-19,4803,44
2021-2-20,4822,19
2021-2-21,4822,0
2021-2-22,4822,0
2021-2-23,4857,35
2021-2-24,4881,24
2021-2-25,4912,31
2021-2-26,4942,30
2021-2-27,4956,14
2021-2-28,4956,0
2021-3-1,4956,0
2021-3-2,4969,13
2021-3-3,4988,19
2021-3-4,5012,24
2021-3-5,5032,20
2021-3-6,5041,9
2021-3-7,5041,0
