Date,DEDATA.Death,DEDATA.DeathIncrease
2020-3-6,0,0
2020-3-7,0,0
2020-3-8,0,0
2020-3-9,0,0
2020-3-10,0,0
2020-3-11,0,0
2020-3-12,0,0
2020-3-13,0,0
2020-3-14,0,0
2020-3-15,0,0
2020-3-16,0,0
2020-3-17,0,0
2020-3-18,0,0
2020-3-19,0,0
2020-3-20,0,0
2020-3-21,0,0
2020-3-22,0,0
2020-3-23,0,0
2020-3-24,1,1
2020-3-25,2,1
2020-3-26,3,1
2020-3-27,5,2
2020-3-28,9,4
2020-3-29,10,1
2020-3-30,11,1
2020-3-31,12,1
2020-4-1,13,1
2020-4-2,16,3
2020-4-3,17,1
2020-4-4,17,0
2020-4-5,19,2
2020-4-6,24,5
2020-4-7,28,4
2020-4-8,32,4
2020-4-9,34,2
2020-4-10,36,2
2020-4-11,43,7
2020-4-12,48,5
2020-4-13,53,5
2020-4-14,60,7
2020-4-15,67,7
2020-4-16,70,3
2020-4-17,76,6
2020-4-18,86,10
2020-4-19,90,4
2020-4-20,99,9
2020-4-21,104,5
2020-4-22,117,13
2020-4-23,131,14
2020-4-24,147,16
2020-4-25,155,8
2020-4-26,168,13
2020-4-27,181,13
2020-4-28,192,11
2020-4-29,204,12
2020-4-30,210,6
2020-5-1,222,12
2020-5-2,235,13
2020-5-3,246,11
2020-5-4,255,9
2020-5-5,266,11
2020-5-6,269,3
2020-5-7,285,16
2020-5-8,297,12
2020-5-9,301,4
2020-5-10,312,11
2020-5-11,324,12
2020-5-12,334,10
2020-5-13,351,17
2020-5-14,362,11
2020-5-15,373,11
2020-5-16,383,10
2020-5-17,392,9
2020-5-18,399,7
2020-5-19,408,9
2020-5-20,414,6
2020-5-21,417,3
2020-5-22,420,3
2020-5-23,425,5
2020-5-24,431,6
2020-5-25,436,5
2020-5-26,444,8
2020-5-27,453,9
2020-5-28,459,6
2020-5-29,463,4
2020-5-30,466,3
2020-5-31,468,2
2020-6-1,471,3
2020-6-2,471,0
2020-6-3,475,4
2020-6-4,483,8
2020-6-5,485,2
2020-6-6,485,0
2020-6-7,488,3
2020-6-8,490,2
2020-6-9,492,2
2020-6-10,493,1
2020-6-11,494,1
2020-6-12,494,0
2020-6-13,495,1
2020-6-14,496,1
2020-6-15,498,2
2020-6-16,499,1
2020-6-17,502,3
2020-6-18,502,0
2020-6-19,504,2
2020-6-20,504,0
2020-6-21,504,0
2020-6-22,504,0
2020-6-23,504,0
2020-6-24,505,1
2020-6-25,507,2
2020-6-26,507,0
2020-6-27,507,0
2020-6-28,507,0
2020-6-29,507,0
2020-6-30,509,2
2020-7-1,509,0
2020-7-2,510,1
2020-7-3,512,2
2020-7-4,512,0
2020-7-5,512,0
2020-7-6,512,0
2020-7-7,514,2
2020-7-8,515,1
2020-7-9,517,2
2020-7-10,517,0
2020-7-11,517,0
2020-7-12,517,0
2020-7-13,517,0
2020-7-14,518,1
2020-7-15,521,3
2020-7-16,521,0
2020-7-17,521,0
2020-7-18,523,2
2020-7-19,523,0
2020-7-20,523,0
2020-7-21,525,2
2020-7-22,527,2
2020-7-23,529,2
2020-7-24,578,49
2020-7-25,579,1
2020-7-26,579,0
2020-7-27,579,0
2020-7-28,580,1
2020-7-29,581,1
2020-7-30,581,0
2020-7-31,585,4
2020-8-1,585,0
2020-8-2,585,0
2020-8-3,585,0
2020-8-4,587,2
2020-8-5,587,0
2020-8-6,587,0
2020-8-7,588,1
2020-8-8,590,2
2020-8-9,591,1
2020-8-10,591,0
2020-8-11,591,0
2020-8-12,591,0
2020-8-13,593,2
2020-8-14,593,0
2020-8-15,593,0
2020-8-16,593,0
2020-8-17,593,0
2020-8-18,593,0
2020-8-19,595,2
2020-8-20,595,0
2020-8-21,600,5
2020-8-22,600,0
2020-8-23,600,0
2020-8-24,604,4
2020-8-25,603,0
2020-8-26,604,1
2020-8-27,604,0
2020-8-28,604,0
2020-8-29,604,0
2020-8-30,604,0
2020-8-31,605,1
2020-9-1,605,0
2020-9-2,606,1
2020-9-3,606,0
2020-9-4,606,0
2020-9-5,608,2
2020-9-6,609,1
2020-9-7,609,0
2020-9-8,609,0
2020-9-9,609,0
2020-9-10,613,4
2020-9-11,613,0
2020-9-12,613,0
2020-9-13,615,2
2020-9-14,617,2
2020-9-15,618,1
2020-9-16,619,1
2020-9-17,619,0
2020-9-18,620,1
2020-9-19,621,1
2020-9-20,621,0
2020-9-21,627,6
2020-9-22,628,1
2020-9-23,629,1
2020-9-24,630,1
2020-9-25,631,1
2020-9-26,633,2
2020-9-27,633,0
2020-9-28,634,1
2020-9-29,635,1
2020-9-30,636,1
2020-10-1,636,0
2020-10-2,642,6
2020-10-3,645,3
2020-10-4,645,0
2020-10-5,645,0
2020-10-6,646,1
2020-10-7,649,3
2020-10-8,651,2
2020-10-9,651,0
2020-10-10,653,2
2020-10-11,654,1
2020-10-12,656,2
2020-10-13,659,3
2020-10-14,660,1
2020-10-15,661,1
2020-10-16,662,1
2020-10-17,664,2
2020-10-18,665,1
2020-10-19,666,1
2020-10-20,668,2
2020-10-21,670,2
2020-10-22,670,0
2020-10-23,678,8
2020-10-24,680,2
2020-10-25,681,1
2020-10-26,685,4
2020-10-27,686,1
2020-10-28,688,2
2020-10-29,689,1
2020-10-30,704,15
2020-10-31,708,4
2020-11-1,710,2
2020-11-2,710,0
2020-11-3,712,2
2020-11-4,712,0
2020-11-5,716,4
2020-11-6,716,0
2020-11-7,716,0
2020-11-8,718,2
2020-11-9,719,1
2020-11-10,722,3
2020-11-11,724,2
2020-11-12,732,8
2020-11-13,734,2
2020-11-14,736,2
2020-11-15,736,0
2020-11-16,736,0
2020-11-17,739,3
2020-11-18,742,3
2020-11-19,742,0
2020-11-20,746,4
2020-11-21,746,0
2020-11-22,748,2
2020-11-23,752,4
2020-11-24,757,5
2020-11-25,760,3
2020-11-26,761,1
2020-11-27,763,2
2020-11-28,763,0
2020-11-29,770,7
2020-11-30,772,2
2020-12-1,777,5
2020-12-2,779,2
2020-12-3,779,0
2020-12-4,782,3
2020-12-5,782,0
2020-12-6,793,11
2020-12-7,793,0
2020-12-8,803,10
2020-12-9,803,0
2020-12-10,806,3
2020-12-11,807,1
2020-12-12,815,8
2020-12-13,816,1
2020-12-14,816,0
2020-12-15,826,10
2020-12-16,833,7
2020-12-17,845,12
2020-12-18,854,9
2020-12-19,858,4
2020-12-20,862,4
2020-12-21,871,9
2020-12-22,872,1
2020-12-23,872,0
2020-12-24,888,16
2020-12-25,891,3
2020-12-26,895,4
2020-12-27,897,2
2020-12-28,898,1
2020-12-29,898,0
2020-12-30,921,23
2020-12-31,926,5
2021-1-1,930,4
2021-1-2,930,0
2021-1-3,930,0
2021-1-4,937,7
2021-1-5,947,10
2021-1-6,947,0
2021-1-7,949,2
2021-1-8,957,8
2021-1-9,969,12
2021-1-10,972,3
2021-1-11,986,14
2021-1-12,991,5
2021-1-13,994,3
2021-1-14,995,1
2021-1-15,1002,7
2021-1-16,1016,14
2021-1-17,1016,0
2021-1-18,1016,0
2021-1-19,1021,5
2021-1-20,1026,5
2021-1-21,1027,1
2021-1-22,1027,0
2021-1-23,1036,9
2021-1-24,1041,5
2021-1-25,1049,8
2021-1-26,1065,16
2021-1-27,1072,7
2021-1-28,1075,3
2021-1-29,1078,3
2021-1-30,1081,3
2021-1-31,1090,9
2021-2-1,1101,11
2021-2-2,1108,7
2021-2-3,1130,22
2021-2-4,1135,5
2021-2-5,1191,56
2021-2-6,1202,11
2021-2-7,1208,6
2021-2-8,1208,0
2021-2-9,1221,13
2021-2-10,1245,24
2021-2-11,1262,17
2021-2-12,1269,7
2021-2-13,1282,13
2021-2-14,1283,1
2021-2-15,1283,0
2021-2-16,1291,8
2021-2-17,1316,25
2021-2-18,1326,10
2021-2-19,1343,17
2021-2-20,1366,23
2021-2-21,1367,1
2021-2-22,1368,1
2021-2-23,1379,11
2021-2-24,1402,23
2021-2-25,1406,4
2021-2-26,1418,12
2021-2-27,1418,0
2021-2-28,1422,4
2021-3-1,1422,0
2021-3-2,1426,4
2021-3-3,1440,14
2021-3-4,1444,4
2021-3-5,1453,9
2021-3-6,1464,11
2021-3-7,1473,9
