Date,GADATA.Death,GADATA.DeathIncrease
2020-3-4,0,0
2020-3-5,0,0
2020-3-6,0,0
2020-3-7,0,0
2020-3-8,0,0
2020-3-9,0,0
2020-3-10,0,0
2020-3-11,0,0
2020-3-12,0,0
2020-3-13,1,1
2020-3-14,1,0
2020-3-15,1,0
2020-3-16,1,0
2020-3-17,1,0
2020-3-18,1,0
2020-3-19,10,9
2020-3-20,13,3
2020-3-21,14,1
2020-3-22,23,9
2020-3-23,25,2
2020-3-24,32,7
2020-3-25,40,8
2020-3-26,48,8
2020-3-27,64,16
2020-3-28,69,5
2020-3-29,80,11
2020-3-30,87,7
2020-3-31,111,24
2020-4-1,139,28
2020-4-2,163,24
2020-4-3,184,21
2020-4-4,201,17
2020-4-5,211,10
2020-4-6,229,18
2020-4-7,329,100
2020-4-8,362,33
2020-4-9,379,17
2020-4-10,416,37
2020-4-11,428,12
2020-4-12,433,5
2020-4-13,464,31
2020-4-14,501,37
2020-4-15,552,51
2020-4-16,587,35
2020-4-17,650,63
2020-4-18,673,23
2020-4-19,687,14
2020-4-20,733,46
2020-4-21,799,66
2020-4-22,836,37
2020-4-23,872,36
2020-4-24,892,20
2020-4-25,904,12
2020-4-26,912,8
2020-4-27,971,59
2020-4-28,1026,55
2020-4-29,1093,67
2020-4-30,1120,27
2020-5-1,1154,34
2020-5-2,1174,20
2020-5-3,1177,3
2020-5-4,1222,45
2020-5-5,1288,66
2020-5-6,1311,23
2020-5-7,1336,25
2020-5-8,1377,41
2020-5-9,1400,23
2020-5-10,1405,5
2020-5-11,1441,36
2020-5-12,1461,20
2020-5-13,1505,44
2020-5-14,1527,22
2020-5-15,1557,30
2020-5-16,1592,35
2020-5-17,1606,14
2020-5-18,1642,36
2020-5-19,1664,22
2020-5-20,1687,23
2020-5-21,1754,67
2020-5-22,1785,31
2020-5-23,1811,26
2020-5-24,1824,13
2020-5-25,1830,6
2020-5-26,1871,41
2020-5-27,1907,36
2020-5-28,1962,55
2020-5-29,1974,12
2020-5-30,2003,29
2020-5-31,2042,39
2020-6-1,2074,32
2020-6-2,2102,28
2020-6-3,2123,21
2020-6-4,2147,24
2020-6-5,2174,27
2020-6-6,2174,0
2020-6-7,2180,6
2020-6-8,2208,28
2020-6-9,2285,77
2020-6-10,2329,44
2020-6-11,2375,46
2020-6-12,2418,43
2020-6-13,2446,28
2020-6-14,2451,5
2020-6-15,2494,43
2020-6-16,2529,35
2020-6-17,2575,46
2020-6-18,2605,30
2020-6-19,2636,31
2020-6-20,2642,6
2020-6-21,2643,1
2020-6-22,2648,5
2020-6-23,2688,40
2020-6-24,2698,10
2020-6-25,2745,47
2020-6-26,2770,25
2020-6-27,2776,6
2020-6-28,2778,2
2020-6-29,2784,6
2020-6-30,2805,21
2020-7-1,2827,22
2020-7-2,2849,22
2020-7-3,2856,7
2020-7-4,2857,1
2020-7-5,2860,3
2020-7-6,2878,18
2020-7-7,2899,21
2020-7-8,2922,23
2020-7-9,2930,8
2020-7-10,2965,35
2020-7-11,2996,31
2020-7-12,3001,5
2020-7-13,3026,25
2020-7-14,3054,28
2020-7-15,3091,37
2020-7-16,3104,13
2020-7-17,3132,28
2020-7-18,3168,36
2020-7-19,3173,5
2020-7-20,3176,3
2020-7-21,3254,78
2020-7-22,3335,81
2020-7-23,3360,25
2020-7-24,3442,82
2020-7-25,3495,53
2020-7-26,3498,3
2020-7-27,3509,11
2020-7-28,3563,54
2020-7-29,3642,79
2020-7-30,3671,29
2020-7-31,3752,81
2020-8-1,3825,73
2020-8-2,3840,15
2020-8-3,3842,2
2020-8-4,3921,79
2020-8-5,3984,63
2020-8-6,4026,42
2020-8-7,4117,91
2020-8-8,4186,69
2020-8-9,4199,13
2020-8-10,4229,30
2020-8-11,4351,122
2020-8-12,4456,105
2020-8-13,4538,82
2020-8-14,4573,35
2020-8-15,4669,96
2020-8-16,4702,33
2020-8-17,4727,25
2020-8-18,4794,67
2020-8-19,4849,55
2020-8-20,4904,55
2020-8-21,4998,94
2020-8-22,5092,94
2020-8-23,5132,40
2020-8-24,5156,24
2020-8-25,5262,106
2020-8-26,5311,49
2020-8-27,5393,82
2020-8-28,5471,78
2020-8-29,5576,105
2020-8-30,5604,28
2020-8-31,5632,28
2020-9-1,5733,101
2020-9-2,5795,62
2020-9-3,5868,73
2020-9-4,5931,63
2020-9-5,5977,46
2020-9-6,6037,60
2020-9-7,6044,7
2020-9-8,6070,26
2020-9-9,6128,58
2020-9-10,6204,76
2020-9-11,6246,42
2020-9-12,6287,41
2020-9-13,6333,46
2020-9-14,6353,20
2020-9-15,6398,45
2020-9-16,6419,21
2020-9-17,6474,55
2020-9-18,6537,63
2020-9-19,6599,62
2020-9-20,6602,3
2020-9-21,6604,2
2020-9-22,6677,73
2020-9-23,6773,96
2020-9-24,6822,49
2020-9-25,6874,52
2020-9-26,6914,40
2020-9-27,6946,32
2020-9-28,6961,15
2020-9-29,6994,33
2020-9-30,7021,27
2020-10-1,7063,42
2020-10-2,7106,43
2020-10-3,7134,28
2020-10-4,7162,28
2020-10-5,7192,30
2020-10-6,7229,37
2020-10-7,7259,30
2020-10-8,7294,35
2020-10-9,7348,54
2020-10-10,7393,45
2020-10-11,7416,23
2020-10-12,7429,13
2020-10-13,7454,25
2020-10-14,7470,16
2020-10-15,7492,22
2020-10-16,7556,64
2020-10-17,7607,51
2020-10-18,7638,31
2020-10-19,7657,19
2020-10-20,7674,17
2020-10-21,7704,30
2020-10-22,7729,25
2020-10-23,7766,37
2020-10-24,7808,42
2020-10-25,7809,1
2020-10-26,7827,18
2020-10-27,7844,17
2020-10-28,7876,32
2020-10-29,7923,47
2020-10-30,7955,32
2020-10-31,7979,24
2020-11-1,7981,2
2020-11-2,7999,18
2020-11-3,8479,480
2020-11-4,8522,43
2020-11-5,8578,56
2020-11-6,8608,30
2020-11-7,8647,39
2020-11-8,8648,1
2020-11-9,8677,29
2020-11-10,8730,53
2020-11-11,8806,76
2020-11-12,8881,75
2020-11-13,8905,24
2020-11-14,8956,51
2020-11-15,8957,1
2020-11-16,8967,10
2020-11-17,9008,41
2020-11-18,9065,57
2020-11-19,9102,37
2020-11-20,9142,40
2020-11-21,9179,37
2020-11-22,9198,19
2020-11-23,9215,17
2020-11-24,9221,6
2020-11-25,9297,76
2020-11-26,9336,39
2020-11-27,9380,44
2020-11-28,9424,44
2020-11-29,9442,18
2020-11-30,9452,10
2020-12-1,9515,63
2020-12-2,9567,52
2020-12-3,9648,81
2020-12-4,9725,77
2020-12-5,9793,68
2020-12-6,9806,13
2020-12-7,9851,45
2020-12-8,9873,22
2020-12-9,9921,48
2020-12-10,9975,54
2020-12-11,10031,56
2020-12-12,10075,44
2020-12-13,10076,1
2020-12-14,10104,28
2020-12-15,10160,56
2020-12-16,10228,68
2020-12-17,10294,66
2020-12-18,10332,38
2020-12-19,10381,49
2020-12-20,10383,2
2020-12-21,10399,16
2020-12-22,10463,64
2020-12-23,10519,56
2020-12-24,10582,63
2020-12-25,10631,49
2020-12-26,10685,54
2020-12-27,10689,4
2020-12-28,10696,7
2020-12-29,10779,83
2020-12-30,10846,67
2020-12-31,10934,88
2021-1-1,10958,24
2021-1-2,10960,2
2021-1-3,10964,4
2021-1-4,10971,7
2021-1-5,11072,101
2021-1-6,11165,93
2021-1-7,11230,65
2021-1-8,11314,84
2021-1-9,11457,143
2021-1-10,11458,1
2021-1-11,11475,17
2021-1-12,11662,187
2021-1-13,11803,141
2021-1-14,11975,172
2021-1-15,12138,163
2021-1-16,12291,153
2021-1-17,12296,5
2021-1-18,12360,64
2021-1-19,12582,222
2021-1-20,12778,196
2021-1-21,12889,111
2021-1-22,13060,171
2021-1-23,13246,186
2021-1-24,13250,4
2021-1-25,13303,53
2021-1-26,13482,179
2021-1-27,13643,161
2021-1-28,13827,184
2021-1-29,13986,159
2021-1-30,14196,210
2021-1-31,14198,2
2021-2-1,14242,44
2021-2-2,14450,208
2021-2-3,14587,137
2021-2-4,14756,169
2021-2-5,14858,102
2021-2-6,15090,232
2021-2-7,15092,2
2021-2-8,15130,38
2021-2-9,15301,171
2021-2-10,15421,120
2021-2-11,15513,92
2021-2-12,15708,195
2021-2-13,15850,142
2021-2-14,15871,21
2021-2-15,15928,57
2021-2-16,16174,246
2021-2-17,16273,99
2021-2-18,16403,130
2021-2-19,16610,207
2021-2-20,16742,132
2021-2-21,16744,2
2021-2-22,16835,91
2021-2-23,16927,92
2021-2-24,17064,137
2021-2-25,17199,135
2021-2-26,17219,20
2021-2-27,17294,75
2021-2-28,17295,1
2021-3-1,17376,81
2021-3-2,17480,104
2021-3-3,17625,145
2021-3-4,17750,125
2021-3-5,17815,65
2021-3-6,17905,90
2021-3-7,17906,1
