Date,IADATA.Death,IADATA.DeathIncrease
2020-3-6,0,0
2020-3-7,0,0
2020-3-8,0,0
2020-3-9,0,0
2020-3-10,0,0
2020-3-11,0,0
2020-3-12,0,0
2020-3-13,0,0
2020-3-14,0,0
2020-3-15,0,0
2020-3-16,0,0
2020-3-17,0,0
2020-3-18,0,0
2020-3-19,0,0
2020-3-20,0,0
2020-3-21,0,0
2020-3-22,0,0
2020-3-23,0,0
2020-3-24,0,0
2020-3-25,1,1
2020-3-26,1,0
2020-3-27,3,2
2020-3-28,3,0
2020-3-29,4,1
2020-3-30,6,2
2020-3-31,7,1
2020-4-1,9,2
2020-4-2,11,2
2020-4-3,11,0
2020-4-4,14,3
2020-4-5,22,8
2020-4-6,25,3
2020-4-7,26,1
2020-4-8,27,1
2020-4-9,29,2
2020-4-10,31,2
2020-4-11,34,3
2020-4-12,41,7
2020-4-13,43,2
2020-4-14,49,6
2020-4-15,53,4
2020-4-16,60,7
2020-4-17,64,4
2020-4-18,74,10
2020-4-19,75,1
2020-4-20,79,4
2020-4-21,83,4
2020-4-22,90,7
2020-4-23,96,6
2020-4-24,107,11
2020-4-25,112,5
2020-4-26,118,6
2020-4-27,127,9
2020-4-28,136,9
2020-4-29,148,12
2020-4-30,162,14
2020-5-1,170,8
2020-5-2,175,5
2020-5-3,184,9
2020-5-4,188,4
2020-5-5,207,19
2020-5-6,219,12
2020-5-7,231,12
2020-5-8,243,12
2020-5-9,252,9
2020-5-10,265,13
2020-5-11,271,6
2020-5-12,289,18
2020-5-13,306,17
2020-5-14,318,12
2020-5-15,336,18
2020-5-16,346,10
2020-5-17,351,5
2020-5-18,355,4
2020-5-19,372,17
2020-5-20,388,16
2020-5-21,406,18
2020-5-22,425,19
2020-5-23,444,19
2020-5-24,454,10
2020-5-25,459,5
2020-5-26,478,19
2020-5-27,491,13
2020-5-28,504,13
2020-5-29,522,18
2020-5-30,531,9
2020-5-31,534,3
2020-6-1,551,17
2020-6-2,561,10
2020-6-3,574,13
2020-6-4,580,6
2020-6-5,592,12
2020-6-6,598,6
2020-6-7,604,6
2020-6-8,612,8
2020-6-9,624,12
2020-6-10,630,6
2020-6-11,639,9
2020-6-12,643,4
2020-6-13,650,7
2020-6-14,652,2
2020-6-15,655,3
2020-6-16,669,14
2020-6-17,673,4
2020-6-18,679,6
2020-6-19,681,2
2020-6-20,681,0
2020-6-21,685,4
2020-6-22,686,1
2020-6-23,688,2
2020-6-24,692,4
2020-6-25,695,3
2020-6-26,704,9
2020-6-27,704,0
2020-6-28,705,1
2020-6-29,708,3
2020-6-30,715,7
2020-7-1,717,2
2020-7-2,718,1
2020-7-3,720,2
2020-7-4,721,1
2020-7-5,721,0
2020-7-6,723,2
2020-7-7,725,2
2020-7-8,735,10
2020-7-9,739,4
2020-7-10,743,4
2020-7-11,748,5
2020-7-12,750,2
2020-7-13,754,4
2020-7-14,757,3
2020-7-15,762,5
2020-7-16,778,16
2020-7-17,784,6
2020-7-18,787,3
2020-7-19,794,7
2020-7-20,797,3
2020-7-21,802,5
2020-7-22,808,6
2020-7-23,818,10
2020-7-24,823,5
2020-7-25,826,3
2020-7-26,827,1
2020-7-27,833,6
2020-7-28,839,6
2020-7-29,846,7
2020-7-30,857,11
2020-7-31,867,10
2020-8-1,872,5
2020-8-2,876,4
2020-8-3,882,6
2020-8-4,888,6
2020-8-5,899,11
2020-8-6,908,9
2020-8-7,913,5
2020-8-8,925,12
2020-8-9,930,5
2020-8-10,933,3
2020-8-11,940,7
2020-8-12,951,11
2020-8-13,959,8
2020-8-14,966,7
2020-8-15,973,7
2020-8-16,975,2
2020-8-17,981,6
2020-8-18,989,8
2020-8-19,1006,17
2020-8-20,1014,8
2020-8-21,1021,7
2020-8-22,1031,10
2020-8-23,1036,5
2020-8-24,1044,8
2020-8-25,1052,8
2020-8-26,1067,15
2020-8-27,1083,16
2020-8-28,1095,12
2020-8-29,1108,13
2020-8-30,1113,5
2020-8-31,1116,3
2020-9-1,1123,7
2020-9-2,1126,3
2020-9-3,1135,9
2020-9-4,1141,6
2020-9-5,1161,20
2020-9-6,1165,4
2020-9-7,1168,3
2020-9-8,1180,12
2020-9-9,1194,14
2020-9-10,1207,13
2020-9-11,1211,4
2020-9-12,1217,6
2020-9-13,1218,1
2020-9-14,1224,6
2020-9-15,1234,10
2020-9-16,1237,3
2020-9-17,1251,14
2020-9-18,1260,9
2020-9-19,1264,4
2020-9-20,1265,1
2020-9-21,1274,9
2020-9-22,1286,12
2020-9-23,1294,8
2020-9-24,1302,8
2020-9-25,1307,5
2020-9-26,1311,4
2020-9-27,1314,3
2020-9-28,1320,6
2020-9-29,1328,8
2020-9-30,1344,16
2020-10-1,1360,16
2020-10-2,1372,12
2020-10-3,1377,5
2020-10-4,1382,5
2020-10-5,1389,7
2020-10-6,1400,11
2020-10-7,1415,15
2020-10-8,1421,6
2020-10-9,1437,16
2020-10-10,1455,18
2020-10-11,1460,5
2020-10-12,1472,12
2020-10-13,1485,13
2020-10-14,1497,12
2020-10-15,1506,9
2020-10-16,1523,17
2020-10-17,1527,4
2020-10-18,1528,1
2020-10-19,1538,10
2020-10-20,1555,17
2020-10-21,1584,29
2020-10-22,1601,17
2020-10-23,1620,19
2020-10-24,1631,11
2020-10-25,1634,3
2020-10-26,1648,14
2020-10-27,1661,13
2020-10-28,1682,21
2020-10-29,1693,11
2020-10-30,1706,13
2020-10-31,1716,10
2020-11-1,1717,1
2020-11-2,1741,24
2020-11-3,1763,22
2020-11-4,1787,24
2020-11-5,1802,15
2020-11-6,1818,16
2020-11-7,1829,11
2020-11-8,1842,13
2020-11-9,1849,7
2020-11-10,1874,25
2020-11-11,1899,25
2020-11-12,1930,31
2020-11-13,1948,18
2020-11-14,1972,24
2020-11-15,1985,13
2020-11-16,1991,6
2020-11-17,2027,36
2020-11-18,2066,39
2020-11-19,2106,40
2020-11-20,2133,27
2020-11-21,2160,27
2020-11-22,2192,32
2020-11-23,2206,14
2020-11-24,2226,20
2020-11-25,2271,45
2020-11-26,2312,41
2020-11-27,2352,40
2020-11-28,2360,8
2020-11-29,2367,7
2020-11-30,2403,36
2020-12-1,2431,28
2020-12-2,2449,18
2020-12-3,2522,73
2020-12-4,2605,83
2020-12-5,2667,62
2020-12-6,2683,16
2020-12-7,2718,35
2020-12-8,2919,201
2020-12-9,3021,102
2020-12-10,3120,99
2020-12-11,3197,77
2020-12-12,3212,15
2020-12-13,3213,1
2020-12-14,3273,60
2020-12-15,3340,67
2020-12-16,3354,14
2020-12-17,3451,97
2020-12-18,3451,0
2020-12-19,3533,82
2020-12-20,3589,56
2020-12-21,3589,0
2020-12-22,3653,64
2020-12-23,3668,15
2020-12-24,3739,71
2020-12-25,3744,5
2020-12-26,3744,0
2020-12-27,3745,1
2020-12-28,3745,0
2020-12-29,3812,67
2020-12-30,3822,10
2020-12-31,3891,69
2021-1-1,3898,7
2021-1-2,3946,48
2021-1-3,3946,0
2021-1-4,3992,46
2021-1-5,3999,7
2021-1-6,4060,61
2021-1-7,4065,5
2021-1-8,4124,59
2021-1-9,4127,3
2021-1-10,4138,11
2021-1-11,4139,1
2021-1-12,4222,83
2021-1-13,4232,10
2021-1-14,4251,19
2021-1-15,4257,6
2021-1-16,4321,64
2021-1-17,4323,2
2021-1-18,4324,1
2021-1-19,4332,8
2021-1-20,4394,62
2021-1-21,4445,51
2021-1-22,4478,33
2021-1-23,4487,9
2021-1-24,4488,1
2021-1-25,4488,0
2021-1-26,4492,4
2021-1-27,4500,8
2021-1-28,4532,32
2021-1-29,4577,45
2021-1-30,4651,74
2021-1-31,4901,250
2021-2-1,4906,5
2021-2-2,4919,13
2021-2-3,4975,56
2021-2-4,5033,58
2021-2-5,5067,34
2021-2-6,5108,41
2021-2-7,5108,0
2021-2-8,5110,2
2021-2-9,5145,35
2021-2-10,5174,29
2021-2-11,5196,22
2021-2-12,5223,27
2021-2-13,5236,13
2021-2-14,5236,0
2021-2-15,5237,1
2021-2-16,5263,26
2021-2-17,5306,43
2021-2-18,5321,15
2021-2-19,5336,15
2021-2-20,5336,0
2021-2-21,5336,0
2021-2-22,5374,38
2021-2-23,5400,26
2021-2-24,5415,15
2021-2-25,5438,23
2021-2-26,5463,25
2021-2-27,5470,7
2021-2-28,5471,1
2021-3-1,5472,1
2021-3-2,5498,26
2021-3-3,5501,3
2021-3-4,5536,35
2021-3-5,5549,13
2021-3-6,5552,3
2021-3-7,5558,6
