Date,KYDATA.Death,KYDATA.DeathIncrease
2020-3-6,0,0
2020-3-7,0,0
2020-3-8,0,0
2020-3-9,0,0
2020-3-10,0,0
2020-3-11,0,0
2020-3-12,0,0
2020-3-13,0,0
2020-3-14,1,1
2020-3-15,1,0
2020-3-16,1,0
2020-3-17,1,0
2020-3-18,1,0
2020-3-19,1,0
2020-3-20,1,0
2020-3-21,2,1
2020-3-22,3,1
2020-3-23,3,0
2020-3-24,4,1
2020-3-25,4,0
2020-3-26,4,0
2020-3-27,6,2
2020-3-28,8,2
2020-3-29,9,1
2020-3-30,9,0
2020-3-31,11,2
2020-4-1,17,6
2020-4-2,20,3
2020-4-3,31,11
2020-4-4,37,6
2020-4-5,40,3
2020-4-6,45,5
2020-4-7,59,14
2020-4-8,65,6
2020-4-9,73,8
2020-4-10,90,17
2020-4-11,90,0
2020-4-12,94,4
2020-4-13,97,3
2020-4-14,104,7
2020-4-15,115,11
2020-4-16,122,7
2020-4-17,129,7
2020-4-18,137,8
2020-4-19,144,7
2020-4-20,148,4
2020-4-21,154,6
2020-4-22,171,17
2020-4-23,185,14
2020-4-24,191,6
2020-4-25,200,9
2020-4-26,205,5
2020-4-27,208,3
2020-4-28,213,5
2020-4-29,225,12
2020-4-30,235,10
2020-5-1,240,5
2020-5-2,248,8
2020-5-3,248,0
2020-5-4,253,5
2020-5-5,261,8
2020-5-6,275,14
2020-5-7,283,8
2020-5-8,294,11
2020-5-9,298,4
2020-5-10,304,6
2020-5-11,304,0
2020-5-12,311,7
2020-5-13,321,10
2020-5-14,326,5
2020-5-15,328,2
2020-5-16,332,4
2020-5-17,334,2
2020-5-18,334,0
2020-5-19,366,32
2020-5-20,366,0
2020-5-21,376,10
2020-5-22,386,10
2020-5-23,391,5
2020-5-24,391,0
2020-5-25,391,0
2020-5-26,391,0
2020-5-27,400,9
2020-5-28,400,0
2020-5-29,409,9
2020-5-30,418,9
2020-5-31,431,13
2020-6-1,439,8
2020-6-2,442,3
2020-6-3,450,8
2020-6-4,458,8
2020-6-5,466,8
2020-6-6,470,4
2020-6-7,470,0
2020-6-8,472,2
2020-6-9,477,5
2020-6-10,484,7
2020-6-11,493,9
2020-6-12,493,0
2020-6-13,499,6
2020-6-14,499,0
2020-6-15,505,6
2020-6-16,512,7
2020-6-17,518,6
2020-6-18,520,2
2020-6-19,522,2
2020-6-20,524,2
2020-6-21,526,2
2020-6-22,526,0
2020-6-23,537,11
2020-6-24,538,1
2020-6-25,546,8
2020-6-26,553,7
2020-6-27,553,0
2020-6-28,558,5
2020-6-29,560,2
2020-6-30,565,5
2020-7-1,572,7
2020-7-2,581,9
2020-7-3,585,4
2020-7-4,585,0
2020-7-5,585,0
2020-7-6,593,8
2020-7-7,602,9
2020-7-8,608,6
2020-7-9,612,4
2020-7-10,620,8
2020-7-11,622,2
2020-7-12,625,3
2020-7-13,629,4
2020-7-14,635,6
2020-7-15,645,10
2020-7-16,650,5
2020-7-17,658,8
2020-7-18,667,9
2020-7-19,670,3
2020-7-20,671,1
2020-7-21,674,3
2020-7-22,677,3
2020-7-23,684,7
2020-7-24,691,7
2020-7-25,696,5
2020-7-26,700,4
2020-7-27,709,9
2020-7-28,719,10
2020-7-29,724,5
2020-7-30,731,7
2020-7-31,735,4
2020-8-1,740,5
2020-8-2,742,2
2020-8-3,744,2
2020-8-4,751,7
2020-8-5,752,1
2020-8-6,760,8
2020-8-7,764,4
2020-8-8,772,8
2020-8-9,773,1
2020-8-10,775,2
2020-8-11,783,8
2020-8-12,790,7
2020-8-13,796,6
2020-8-14,804,8
2020-8-15,810,6
2020-8-16,813,3
2020-8-17,818,5
2020-8-18,830,12
2020-8-19,842,12
2020-8-20,856,14
2020-8-21,864,8
2020-8-22,864,0
2020-8-23,881,17
2020-8-24,885,4
2020-8-25,895,10
2020-8-26,902,7
2020-8-27,910,8
2020-8-28,918,8
2020-8-29,921,3
2020-8-30,930,9
2020-8-31,933,3
2020-9-1,948,15
2020-9-2,966,18
2020-9-3,976,10
2020-9-4,987,11
2020-9-5,993,6
2020-9-6,996,3
2020-9-7,996,0
2020-9-8,997,1
2020-9-9,1013,16
2020-9-10,1035,22
2020-9-11,1044,9
2020-9-12,1057,13
2020-9-13,1060,3
2020-9-14,1065,5
2020-9-15,1074,9
2020-9-16,1082,8
2020-9-17,1093,11
2020-9-18,1101,8
2020-9-19,1108,7
2020-9-20,1111,3
2020-9-21,1112,1
2020-9-22,1119,7
2020-9-23,1124,5
2020-9-24,1137,13
2020-9-25,1149,12
2020-9-26,1154,5
2020-9-27,1157,3
2020-9-28,1162,5
2020-9-29,1170,8
2020-9-30,1174,4
2020-10-1,1191,17
2020-10-2,1197,6
2020-10-3,1205,8
2020-10-4,1209,4
2020-10-5,1214,5
2020-10-6,1218,4
2020-10-7,1223,5
2020-10-8,1234,11
2020-10-9,1242,8
2020-10-10,1249,7
2020-10-11,1252,3
2020-10-12,1255,3
2020-10-13,1269,14
2020-10-14,1276,7
2020-10-15,1296,20
2020-10-16,1300,4
2020-10-17,1312,12
2020-10-18,1317,5
2020-10-19,1326,9
2020-10-20,1342,16
2020-10-21,1363,21
2020-10-22,1380,17
2020-10-23,1396,16
2020-10-24,1404,8
2020-10-25,1407,3
2020-10-26,1410,3
2020-10-27,1428,18
2020-10-28,1442,14
2020-10-29,1461,19
2020-10-30,1476,15
2020-10-31,1485,9
2020-11-1,1489,4
2020-11-2,1492,3
2020-11-3,1503,11
2020-11-4,1514,11
2020-11-5,1534,20
2020-11-6,1544,10
2020-11-7,1561,17
2020-11-8,1565,4
2020-11-9,1576,11
2020-11-10,1590,14
2020-11-11,1604,14
2020-11-12,1622,18
2020-11-13,1647,25
2020-11-14,1658,11
2020-11-15,1661,3
2020-11-16,1664,3
2020-11-17,1697,33
2020-11-18,1712,15
2020-11-19,1742,30
2020-11-20,1762,20
2020-11-21,1783,21
2020-11-22,1787,4
2020-11-23,1792,5
2020-11-24,1809,17
2020-11-25,1835,26
2020-11-26,1835,0
2020-11-27,1871,36
2020-11-28,1885,14
2020-11-29,1896,11
2020-11-30,1908,12
2020-12-1,1943,35
2020-12-2,1980,37
2020-12-3,2014,34
2020-12-4,2039,25
2020-12-5,2062,23
2020-12-6,2072,10
2020-12-7,2082,10
2020-12-8,2102,20
2020-12-9,2118,16
2020-12-10,2146,28
2020-12-11,2168,22
2020-12-12,2192,24
2020-12-13,2207,15
2020-12-14,2224,17
2020-12-15,2239,15
2020-12-16,2262,23
2020-12-17,2316,54
2020-12-18,2344,28
2020-12-19,2371,27
2020-12-20,2397,26
2020-12-21,2412,15
2020-12-22,2440,28
2020-12-23,2466,26
2020-12-24,2466,0
2020-12-25,2466,0
2020-12-26,2534,68
2020-12-27,2555,21
2020-12-28,2563,8
2020-12-29,2594,31
2020-12-30,2623,29
2020-12-31,2623,0
2021-1-1,2623,0
2021-1-2,2698,75
2021-1-3,2723,25
2021-1-4,2749,26
2021-1-5,2772,23
2021-1-6,2806,34
2021-1-7,2843,37
2021-1-8,2856,13
2021-1-9,2876,20
2021-1-10,2901,25
2021-1-11,2922,21
2021-1-12,2944,22
2021-1-13,2991,47
2021-1-14,3042,51
2021-1-15,3061,19
2021-1-16,3093,32
2021-1-17,3127,34
2021-1-18,3167,40
2021-1-19,3194,27
2021-1-20,3243,49
2021-1-21,3301,58
2021-1-22,3337,36
2021-1-23,3386,49
2021-1-24,3421,35
2021-1-25,3460,39
2021-1-26,3495,35
2021-1-27,3542,47
2021-1-28,3611,69
2021-1-29,3668,57
2021-1-30,3714,46
2021-1-31,3745,31
2021-2-1,3780,35
2021-2-2,3812,32
2021-2-3,3863,51
2021-2-4,3921,58
2021-2-5,3971,50
2021-2-6,4020,49
2021-2-7,4051,31
2021-2-8,4091,40
2021-2-9,4126,35
2021-2-10,4175,49
2021-2-11,4211,36
2021-2-12,4253,42
2021-2-13,4272,19
2021-2-14,4282,10
2021-2-15,4291,9
2021-2-16,4318,27
2021-2-17,4336,18
2021-2-18,4373,37
2021-2-19,4401,28
2021-2-20,4426,25
2021-2-21,4447,21
2021-2-22,4460,13
2021-2-23,4476,16
2021-2-24,4527,51
2021-2-25,4570,43
2021-2-26,4600,30
2021-2-27,4625,25
2021-2-28,4637,12
2021-3-1,4652,15
2021-3-2,4671,19
2021-3-3,4704,33
2021-3-4,4732,28
2021-3-5,4754,22
2021-3-6,4806,52
2021-3-7,4819,13
