Date,NHDATA.Death,NHDATA.DeathIncrease
2020-3-4,0,0
2020-3-5,0,0
2020-3-6,0,0
2020-3-7,0,0
2020-3-8,0,0
2020-3-9,0,0
2020-3-10,0,0
2020-3-11,0,0
2020-3-12,0,0
2020-3-13,0,0
2020-3-14,0,0
2020-3-15,0,0
2020-3-16,0,0
2020-3-17,0,0
2020-3-18,0,0
2020-3-19,0,0
2020-3-20,0,0
2020-3-21,0,0
2020-3-22,0,0
2020-3-23,1,1
2020-3-24,1,0
2020-3-25,1,0
2020-3-26,1,0
2020-3-27,2,1
2020-3-28,2,0
2020-3-29,3,1
2020-3-30,3,0
2020-3-31,3,0
2020-4-1,4,1
2020-4-2,5,1
2020-4-3,7,2
2020-4-4,9,2
2020-4-5,9,0
2020-4-6,9,0
2020-4-7,13,4
2020-4-8,18,5
2020-4-9,21,3
2020-4-10,22,1
2020-4-11,23,1
2020-4-12,23,0
2020-4-13,23,0
2020-4-14,27,4
2020-4-15,32,5
2020-4-16,34,2
2020-4-17,37,3
2020-4-18,38,1
2020-4-19,41,3
2020-4-20,42,1
2020-4-21,42,0
2020-4-22,48,6
2020-4-23,51,3
2020-4-24,53,2
2020-4-25,60,7
2020-4-26,60,0
2020-4-27,60,0
2020-4-28,60,0
2020-4-29,66,6
2020-4-30,72,6
2020-5-1,81,9
2020-5-2,84,3
2020-5-3,86,2
2020-5-4,86,0
2020-5-5,92,6
2020-5-6,111,19
2020-5-7,114,3
2020-5-8,121,7
2020-5-9,131,10
2020-5-10,133,2
2020-5-11,133,0
2020-5-12,142,9
2020-5-13,150,8
2020-5-14,151,1
2020-5-15,159,8
2020-5-16,171,12
2020-5-17,172,1
2020-5-18,172,0
2020-5-19,182,10
2020-5-20,190,8
2020-5-21,199,9
2020-5-22,204,5
2020-5-23,208,4
2020-5-24,209,1
2020-5-25,210,1
2020-5-26,214,4
2020-5-27,223,9
2020-5-28,232,9
2020-5-29,238,6
2020-5-30,242,4
2020-5-31,245,3
2020-6-1,245,0
2020-6-2,256,11
2020-6-3,265,9
2020-6-4,273,8
2020-6-5,278,5
2020-6-6,283,5
2020-6-7,286,3
2020-6-8,286,0
2020-6-9,294,8
2020-6-10,301,7
2020-6-11,308,7
2020-6-12,315,7
2020-6-13,318,3
2020-6-14,320,2
2020-6-15,320,0
2020-6-16,326,6
2020-6-17,330,4
2020-6-18,331,1
2020-6-19,337,6
2020-6-20,339,2
2020-6-21,339,0
2020-6-22,339,0
2020-6-23,343,4
2020-6-24,347,4
2020-6-25,357,10
2020-6-26,365,8
2020-6-27,367,2
2020-6-28,367,0
2020-6-29,367,0
2020-6-30,371,4
2020-7-1,373,2
2020-7-2,375,2
2020-7-3,376,1
2020-7-4,376,0
2020-7-5,381,5
2020-7-6,382,1
2020-7-7,384,2
2020-7-8,386,2
2020-7-9,387,1
2020-7-10,390,3
2020-7-11,391,1
2020-7-12,391,0
2020-7-13,391,0
2020-7-14,392,1
2020-7-15,394,2
2020-7-16,395,1
2020-7-17,395,0
2020-7-18,396,1
2020-7-19,398,2
2020-7-20,398,0
2020-7-21,400,2
2020-7-22,402,2
2020-7-23,405,3
2020-7-24,407,2
2020-7-25,409,2
2020-7-26,409,0
2020-7-27,409,0
2020-7-28,409,0
2020-7-29,411,2
2020-7-30,415,4
2020-7-31,415,0
2020-8-1,416,1
2020-8-2,416,0
2020-8-3,417,1
2020-8-4,418,1
2020-8-5,418,0
2020-8-6,419,1
2020-8-7,419,0
2020-8-8,419,0
2020-8-9,419,0
2020-8-10,419,0
2020-8-11,419,0
2020-8-12,420,1
2020-8-13,422,2
2020-8-14,422,0
2020-8-15,423,1
2020-8-16,423,0
2020-8-17,423,0
2020-8-18,424,1
2020-8-19,427,3
2020-8-20,428,1
2020-8-21,428,0
2020-8-22,429,1
2020-8-23,429,0
2020-8-24,429,0
2020-8-25,429,0
2020-8-26,430,1
2020-8-27,431,1
2020-8-28,432,1
2020-8-29,432,0
2020-8-30,432,0
2020-8-31,432,0
2020-9-1,432,0
2020-9-2,432,0
2020-9-3,432,0
2020-9-4,432,0
2020-9-5,432,0
2020-9-6,433,1
2020-9-7,433,0
2020-9-8,433,0
2020-9-9,433,0
2020-9-10,434,1
2020-9-11,434,0
2020-9-12,435,1
2020-9-13,436,1
2020-9-14,436,0
2020-9-15,438,2
2020-9-16,438,0
2020-9-17,438,0
2020-9-18,438,0
2020-9-19,438,0
2020-9-20,438,0
2020-9-21,438,0
2020-9-22,438,0
2020-9-23,438,0
2020-9-24,438,0
2020-9-25,438,0
2020-9-26,439,1
2020-9-27,439,0
2020-9-28,439,0
2020-9-29,439,0
2020-9-30,439,0
2020-10-1,441,2
2020-10-2,442,1
2020-10-3,442,0
2020-10-4,443,1
2020-10-5,444,1
2020-10-6,446,2
2020-10-7,448,2
2020-10-8,449,1
2020-10-9,450,1
2020-10-10,455,5
2020-10-11,456,1
2020-10-12,456,0
2020-10-13,456,0
2020-10-14,458,2
2020-10-15,463,5
2020-10-16,465,2
2020-10-17,466,1
2020-10-18,467,1
2020-10-19,468,1
2020-10-20,468,0
2020-10-21,469,1
2020-10-22,470,1
2020-10-23,471,1
2020-10-24,473,2
2020-10-25,473,0
2020-10-26,475,2
2020-10-27,475,0
2020-10-28,478,3
2020-10-29,482,4
2020-10-30,482,0
2020-10-31,483,1
2020-11-1,483,0
2020-11-2,483,0
2020-11-3,483,0
2020-11-4,484,1
2020-11-5,486,2
2020-11-6,488,2
2020-11-7,489,1
2020-11-8,489,0
2020-11-9,489,0
2020-11-10,489,0
2020-11-11,492,3
2020-11-12,495,3
2020-11-13,498,3
2020-11-14,499,1
2020-11-15,499,0
2020-11-16,500,1
2020-11-17,502,2
2020-11-18,504,2
2020-11-19,506,2
2020-11-20,507,1
2020-11-21,508,1
2020-11-22,512,4
2020-11-23,512,0
2020-11-24,513,1
2020-11-25,514,1
2020-11-26,514,0
2020-11-27,517,3
2020-11-28,523,6
2020-11-29,526,3
2020-11-30,526,0
2020-12-1,528,2
2020-12-2,537,9
2020-12-3,544,7
2020-12-4,552,8
2020-12-5,559,7
2020-12-6,564,5
2020-12-7,566,2
2020-12-8,566,0
2020-12-9,570,4
2020-12-10,584,14
2020-12-11,590,6
2020-12-12,600,10
2020-12-13,603,3
2020-12-14,604,1
2020-12-15,604,0
2020-12-16,625,21
2020-12-17,629,4
2020-12-18,638,9
2020-12-19,650,12
2020-12-20,656,6
2020-12-21,656,0
2020-12-22,656,0
2020-12-23,677,21
2020-12-24,690,13
2020-12-25,690,0
2020-12-26,701,11
2020-12-27,708,7
2020-12-28,715,7
2020-12-29,735,20
2020-12-30,741,6
2020-12-31,759,18
2021-1-1,759,0
2021-1-2,769,10
2021-1-3,780,11
2021-1-4,781,1
2021-1-5,792,11
2021-1-6,816,24
2021-1-7,827,11
2021-1-8,846,19
2021-1-9,862,16
2021-1-10,869,7
2021-1-11,869,0
2021-1-12,878,9
2021-1-13,885,7
2021-1-14,897,12
2021-1-15,908,11
2021-1-16,927,19
2021-1-17,933,6
2021-1-18,933,0
2021-1-19,938,5
2021-1-20,950,12
2021-1-21,962,12
2021-1-22,971,9
2021-1-23,981,10
2021-1-24,987,6
2021-1-25,990,3
2021-1-26,994,4
2021-1-27,1006,12
2021-1-28,1022,16
2021-1-29,1036,14
2021-1-30,1042,6
2021-1-31,1057,15
2021-2-1,1059,2
2021-2-2,1066,7
2021-2-3,1076,10
2021-2-4,1085,9
2021-2-5,1091,6
2021-2-6,1098,7
2021-2-7,1104,6
2021-2-8,1106,2
2021-2-9,1109,3
2021-2-10,1116,7
2021-2-11,1117,1
2021-2-12,1126,9
2021-2-13,1130,4
2021-2-14,1133,3
2021-2-15,1135,2
2021-2-16,1136,1
2021-2-17,1148,12
2021-2-18,1150,2
2021-2-19,1152,2
2021-2-20,1153,1
2021-2-21,1154,1
2021-2-22,1154,0
2021-2-23,1155,1
2021-2-24,1157,2
2021-2-25,1163,6
2021-2-26,1167,4
2021-2-27,1170,3
2021-2-28,1170,0
2021-3-1,1170,0
2021-3-2,1170,0
2021-3-3,1175,5
2021-3-4,1178,3
2021-3-5,1178,0
2021-3-6,1181,3
2021-3-7,1184,3
