Date,NJDATA.Death,NJDATA.DeathIncrease
2020-2-10,0,0
2020-2-11,0,0
2020-2-12,0,0
2020-2-13,0,0
2020-2-14,0,0
2020-2-15,0,0
2020-2-16,0,0
2020-2-17,0,0
2020-2-18,0,0
2020-2-19,0,0
2020-2-20,0,0
2020-2-21,0,0
2020-2-22,0,0
2020-2-23,0,0
2020-2-24,0,0
2020-2-25,0,0
2020-2-26,0,0
2020-2-27,0,0
2020-2-28,0,0
2020-2-29,0,0
2020-3-1,0,0
2020-3-2,0,0
2020-3-3,0,0
2020-3-4,0,0
2020-3-5,0,0
2020-3-6,0,0
2020-3-7,0,0
2020-3-8,0,0
2020-3-9,0,0
2020-3-10,0,0
2020-3-11,1,1
2020-3-12,1,0
2020-3-13,1,0
2020-3-14,1,0
2020-3-15,2,1
2020-3-16,2,0
2020-3-17,4,2
2020-3-18,7,3
2020-3-19,13,6
2020-3-20,16,3
2020-3-21,22,6
2020-3-22,29,7
2020-3-23,40,11
2020-3-24,60,20
2020-3-25,81,21
2020-3-26,108,27
2020-3-27,140,32
2020-3-28,191,51
2020-3-29,217,26
2020-3-30,266,49
2020-3-31,364,98
2020-4-1,475,111
2020-4-2,680,205
2020-4-3,816,136
2020-4-4,1058,242
2020-4-5,1184,126
2020-4-6,1334,150
2020-4-7,1631,297
2020-4-8,1969,338
2020-4-9,2236,267
2020-4-10,2521,285
2020-4-11,2844,323
2020-4-12,3084,240
2020-4-13,3248,164
2020-4-14,3659,411
2020-4-15,4068,409
2020-4-16,4489,421
2020-4-17,4853,364
2020-4-18,5139,286
2020-4-19,5310,171
2020-4-20,5518,208
2020-4-21,5932,414
2020-4-22,6275,343
2020-4-23,6607,332
2020-4-24,6886,279
2020-4-25,7166,280
2020-4-26,7268,102
2020-4-27,7407,139
2020-4-28,7835,428
2020-4-29,8184,349
2020-4-30,8664,480
2020-5-1,9000,336
2020-5-2,9225,225
2020-5-3,9380,155
2020-5-4,9442,62
2020-5-5,9783,341
2020-5-6,10104,321
2020-5-7,10368,264
2020-5-8,10538,170
2020-5-9,10715,177
2020-5-10,10866,151
2020-5-11,10926,60
2020-5-12,11138,212
2020-5-13,11340,202
2020-5-14,11592,252
2020-5-15,11789,197
2020-5-16,11903,114
2020-5-17,12013,110
2020-5-18,12096,83
2020-5-19,12248,152
2020-5-20,12416,168
2020-5-21,12518,102
2020-5-22,12666,148
2020-5-23,12765,99
2020-5-24,12819,54
2020-5-25,12834,15
2020-5-26,12886,52
2020-5-27,13037,151
2020-5-28,13104,67
2020-5-29,13239,135
2020-5-30,13345,106
2020-5-31,13412,67
2020-6-1,13438,26
2020-6-2,13490,52
2020-6-3,13602,112
2020-6-4,13697,95
2020-6-5,13779,82
2020-6-6,13837,58
2020-6-7,13908,71
2020-6-8,13947,39
2020-6-9,14040,93
2020-6-10,14116,76
2020-6-11,14183,67
2020-6-12,14232,49
2020-6-13,14335,103
2020-6-14,14372,37
2020-6-15,14424,52
2020-6-16,14476,52
2020-6-17,14518,42
2020-6-18,14550,32
2020-6-19,14585,35
2020-6-20,14608,23
2020-6-21,14623,15
2020-6-22,14651,28
2020-6-23,14707,56
2020-6-24,14753,46
2020-6-25,14776,23
2020-6-26,14819,43
2020-6-27,14855,36
2020-6-28,14882,27
2020-6-29,14901,19
2020-6-30,14944,43
2020-7-1,14987,43
2020-7-2,15014,27
2020-7-3,15072,58
2020-7-4,15097,25
2020-7-5,15119,22
2020-7-6,15138,19
2020-7-7,15191,53
2020-7-8,15243,52
2020-7-9,15268,25
2020-7-10,15299,31
2020-7-11,15345,46
2020-7-12,15361,16
2020-7-13,15380,19
2020-7-14,15402,22
2020-7-15,15427,25
2020-7-16,15458,31
2020-7-17,15477,19
2020-7-18,15492,15
2020-7-19,15500,8
2020-7-20,15510,10
2020-7-21,15533,23
2020-7-22,15557,24
2020-7-23,15581,24
2020-7-24,15616,35
2020-7-25,15627,11
2020-7-26,15639,12
2020-7-27,15657,18
2020-7-28,15679,22
2020-7-29,15697,18
2020-7-30,15708,11
2020-7-31,15719,11
2020-8-1,15731,12
2020-8-2,15737,6
2020-8-3,15747,10
2020-8-4,15758,11
2020-8-5,15765,7
2020-8-6,15772,7
2020-8-7,15783,11
2020-8-8,15792,9
2020-8-9,15797,5
2020-8-10,15801,4
2020-8-11,15813,12
2020-8-12,15824,11
2020-8-13,15832,8
2020-8-14,15842,10
2020-8-15,15851,9
2020-8-16,15853,2
2020-8-17,15857,4
2020-8-18,15867,10
2020-8-19,15878,11
2020-8-20,15884,6
2020-8-21,15893,9
2020-8-22,15895,2
2020-8-23,15898,3
2020-8-24,15901,3
2020-8-25,15905,4
2020-8-26,15915,10
2020-8-27,15922,7
2020-8-28,15932,10
2020-8-29,15935,3
2020-8-30,15939,4
2020-8-31,15947,8
2020-9-1,15952,5
2020-9-2,15963,11
2020-9-3,15970,7
2020-9-4,15977,7
2020-9-5,15984,7
2020-9-6,15988,4
2020-9-7,15990,2
2020-9-8,15995,5
2020-9-9,16003,8
2020-9-10,16008,5
2020-9-11,16017,9
2020-9-12,16021,4
2020-9-13,16026,5
2020-9-14,16030,4
2020-9-15,16039,9
2020-9-16,16048,9
2020-9-17,16051,3
2020-9-18,16055,4
2020-9-19,16058,3
2020-9-20,16061,3
2020-9-21,16063,2
2020-9-22,16070,7
2020-9-23,16078,8
2020-9-24,16087,9
2020-9-25,16093,6
2020-9-26,16099,6
2020-9-27,16105,6
2020-9-28,16103,0
2020-9-29,16113,10
2020-9-30,16122,9
2020-10-1,16127,5
2020-10-2,16131,4
2020-10-3,16135,4
2020-10-4,16136,1
2020-10-5,16138,2
2020-10-6,16147,9
2020-10-7,16152,5
2020-10-8,16160,8
2020-10-9,16164,4
2020-10-10,16171,7
2020-10-11,16174,3
2020-10-12,16175,1
2020-10-13,16182,7
2020-10-14,16191,9
2020-10-15,16197,6
2020-10-16,16202,5
2020-10-17,16204,2
2020-10-18,16211,7
2020-10-19,16214,3
2020-10-20,16227,13
2020-10-21,16245,18
2020-10-22,16263,18
2020-10-23,16273,10
2020-10-24,16281,8
2020-10-25,16285,4
2020-10-26,16292,7
2020-10-27,16306,14
2020-10-28,16324,18
2020-10-29,16332,8
2020-10-30,16339,7
2020-10-31,16350,11
2020-11-1,16354,4
2020-11-2,16357,3
2020-11-3,16375,18
2020-11-4,16391,16
2020-11-5,16403,12
2020-11-6,16416,13
2020-11-7,16425,9
2020-11-8,16429,4
2020-11-9,16440,11
2020-11-10,16461,21
2020-11-11,16476,15
2020-11-12,16495,19
2020-11-13,16522,27
2020-11-14,16548,26
2020-11-15,16566,18
2020-11-16,16580,14
2020-11-17,16618,38
2020-11-18,16655,37
2020-11-19,16689,34
2020-11-20,16712,23
2020-11-21,16746,34
2020-11-22,16761,15
2020-11-23,16772,11
2020-11-24,16819,47
2020-11-25,16886,67
2020-11-26,16925,39
2020-11-27,16942,17
2020-11-28,16965,23
2020-11-29,16978,13
2020-11-30,16993,15
2020-12-1,17083,90
2020-12-2,17145,62
2020-12-3,17209,64
2020-12-4,17255,46
2020-12-5,17306,51
2020-12-6,17321,15
2020-12-7,17336,15
2020-12-8,17426,90
2020-12-9,17542,116
2020-12-10,17608,66
2020-12-11,17662,54
2020-12-12,17732,70
2020-12-13,17751,19
2020-12-14,17775,24
2020-12-15,17872,97
2020-12-16,18003,131
2020-12-17,18080,77
2020-12-18,18124,44
2020-12-19,18173,49
2020-12-20,18194,21
2020-12-21,18223,29
2020-12-22,18326,103
2020-12-23,18466,140
2020-12-24,18544,78
2020-12-25,18595,51
2020-12-26,18613,18
2020-12-27,18630,17
2020-12-28,18651,21
2020-12-29,18777,126
2020-12-30,18952,175
2020-12-31,19042,90
2021-1-1,19160,118
2021-1-2,19187,27
2021-1-3,19208,21
2021-1-4,19244,36
2021-1-5,19382,138
2021-1-6,19523,141
2021-1-7,19646,123
2021-1-8,19756,110
2021-1-9,19854,98
2021-1-10,19886,32
2021-1-11,19932,46
2021-1-12,20039,107
2021-1-13,20161,122
2021-1-14,20253,92
2021-1-15,20320,67
2021-1-16,20414,94
2021-1-17,20439,25
2021-1-18,20458,19
2021-1-19,20512,54
2021-1-20,20664,152
2021-1-21,20760,96
2021-1-22,20875,115
2021-1-23,20934,59
2021-1-24,20951,17
2021-1-25,20972,21
2021-1-26,21105,133
2021-1-27,21220,115
2021-1-28,21301,81
2021-1-29,21383,82
2021-1-30,21455,72
2021-1-31,21484,29
2021-2-1,21513,29
2021-2-2,21584,71
2021-2-3,21693,109
2021-2-4,21793,100
2021-2-5,21886,93
2021-2-6,21964,78
2021-2-7,21989,25
2021-2-8,22011,22
2021-2-9,22103,92
2021-2-10,22250,147
2021-2-11,22329,79
2021-2-12,22393,64
2021-2-13,22440,47
2021-2-14,22454,14
2021-2-15,22466,12
2021-2-16,22497,31
2021-2-17,22632,135
2021-2-18,22721,89
2021-2-19,22784,63
2021-2-20,22834,50
2021-2-21,22858,24
2021-2-22,22874,16
2021-2-23,22978,104
2021-2-24,23077,99
2021-2-25,23147,70
2021-2-26,23192,45
2021-2-27,23238,46
2021-2-28,23252,14
2021-3-1,23273,21
2021-3-2,23321,48
2021-3-3,23449,128
2021-3-4,23491,42
2021-3-5,23521,30
2021-3-6,23557,36
2021-3-7,23574,17
