Date,RIDATA.Death,RIDATA.DeathIncrease
2020-3-1,0,0
2020-3-2,0,0
2020-3-3,0,0
2020-3-4,0,0
2020-3-5,0,0
2020-3-6,0,0
2020-3-7,0,0
2020-3-8,0,0
2020-3-9,0,0
2020-3-10,0,0
2020-3-11,0,0
2020-3-12,0,0
2020-3-13,0,0
2020-3-14,0,0
2020-3-15,0,0
2020-3-16,0,0
2020-3-17,0,0
2020-3-18,0,0
2020-3-19,0,0
2020-3-20,0,0
2020-3-21,0,0
2020-3-22,0,0
2020-3-23,0,0
2020-3-24,0,0
2020-3-25,0,0
2020-3-26,0,0
2020-3-27,0,0
2020-3-28,0,0
2020-3-29,3,3
2020-3-30,4,1
2020-3-31,8,4
2020-4-1,10,2
2020-4-2,12,2
2020-4-3,14,2
2020-4-4,17,3
2020-4-5,25,8
2020-4-6,27,2
2020-4-7,30,3
2020-4-8,35,5
2020-4-9,43,8
2020-4-10,49,6
2020-4-11,56,7
2020-4-12,63,7
2020-4-13,73,10
2020-4-14,80,7
2020-4-15,87,7
2020-4-16,105,18
2020-4-17,118,13
2020-4-18,150,32
2020-4-19,164,14
2020-4-20,175,11
2020-4-21,186,11
2020-4-22,201,15
2020-4-23,213,12
2020-4-24,202,0
2020-4-25,215,13
2020-4-26,226,11
2020-4-27,233,7
2020-4-28,239,6
2020-4-29,251,12
2020-4-30,266,15
2020-5-1,279,13
2020-5-2,296,17
2020-5-3,320,24
2020-5-4,341,21
2020-5-5,355,14
2020-5-6,370,15
2020-5-7,388,18
2020-5-8,399,11
2020-5-9,418,19
2020-5-10,422,4
2020-5-11,430,8
2020-5-12,444,14
2020-5-13,462,18
2020-5-14,468,6
2020-5-15,479,11
2020-5-16,489,10
2020-5-17,499,10
2020-5-18,506,7
2020-5-19,532,26
2020-5-20,538,6
2020-5-21,556,18
2020-5-22,579,23
2020-5-23,597,18
2020-5-24,608,11
2020-5-25,608,0
2020-5-26,634,26
2020-5-27,655,21
2020-5-28,677,22
2020-5-29,693,16
2020-5-30,711,18
2020-5-31,718,7
2020-6-1,720,2
2020-6-2,732,12
2020-6-3,742,10
2020-6-4,756,14
2020-6-5,772,16
2020-6-6,772,0
2020-6-7,772,0
2020-6-8,799,27
2020-6-9,808,9
2020-6-10,812,4
2020-6-11,823,11
2020-6-12,833,10
2020-6-13,833,0
2020-6-14,833,0
2020-6-15,851,18
2020-6-16,865,14
2020-6-17,876,11
2020-6-18,885,9
2020-6-19,894,9
2020-6-20,894,0
2020-6-21,894,0
2020-6-22,903,9
2020-6-23,906,3
2020-6-24,912,6
2020-6-25,920,8
2020-6-26,927,7
2020-6-27,927,0
2020-6-28,927,0
2020-6-29,946,19
2020-6-30,950,4
2020-7-1,956,6
2020-7-2,959,3
2020-7-3,960,1
2020-7-4,960,0
2020-7-5,960,0
2020-7-6,960,0
2020-7-7,969,9
2020-7-8,971,2
2020-7-9,974,3
2020-7-10,976,2
2020-7-11,976,0
2020-7-12,976,0
2020-7-13,984,8
2020-7-14,985,1
2020-7-15,987,2
2020-7-16,988,1
2020-7-17,990,2
2020-7-18,990,0
2020-7-19,990,0
2020-7-20,995,5
2020-7-21,996,1
2020-7-22,997,1
2020-7-23,1001,4
2020-7-24,1002,1
2020-7-25,1002,0
2020-7-26,1002,0
2020-7-27,1004,2
2020-7-28,1005,1
2020-7-29,1007,2
2020-7-30,1007,0
2020-7-31,1007,0
2020-8-1,1007,0
2020-8-2,1007,0
2020-8-3,1010,3
2020-8-4,1011,1
2020-8-5,1012,1
2020-8-6,1014,2
2020-8-7,1014,0
2020-8-8,1015,1
2020-8-9,1015,0
2020-8-10,1015,0
2020-8-11,1016,1
2020-8-12,1018,2
2020-8-13,1019,1
2020-8-14,1021,2
2020-8-15,1022,1
2020-8-16,1022,0
2020-8-17,1023,1
2020-8-18,1024,1
2020-8-19,1027,3
2020-8-20,1028,1
2020-8-21,1030,2
2020-8-22,1035,5
2020-8-23,1035,0
2020-8-24,1035,0
2020-8-25,1039,4
2020-8-26,1041,2
2020-8-27,1044,3
2020-8-28,1046,2
2020-8-29,1047,1
2020-8-30,1047,0
2020-8-31,1048,1
2020-9-1,1050,2
2020-9-2,1051,1
2020-9-3,1055,4
2020-9-4,1055,0
2020-9-5,1058,3
2020-9-6,1058,0
2020-9-7,1059,1
2020-9-8,1059,0
2020-9-9,1062,3
2020-9-10,1067,5
2020-9-11,1071,4
2020-9-12,1072,1
2020-9-13,1075,3
2020-9-14,1075,0
2020-9-15,1078,3
2020-9-16,1081,3
2020-9-17,1085,4
2020-9-18,1088,3
2020-9-19,1091,3
2020-9-20,1094,3
2020-9-21,1097,3
2020-9-22,1099,2
2020-9-23,1102,3
2020-9-24,1106,4
2020-9-25,1107,1
2020-9-26,1110,3
2020-9-27,1110,0
2020-9-28,1110,0
2020-9-29,1113,3
2020-9-30,1114,1
2020-10-1,1117,3
2020-10-2,1118,1
2020-10-3,1119,1
2020-10-4,1120,1
2020-10-5,1121,1
2020-10-6,1125,4
2020-10-7,1126,1
2020-10-8,1127,1
2020-10-9,1130,3
2020-10-10,1132,2
2020-10-11,1134,2
2020-10-12,1137,3
2020-10-13,1139,2
2020-10-14,1147,8
2020-10-15,1149,2
2020-10-16,1152,3
2020-10-17,1158,6
2020-10-18,1158,0
2020-10-19,1159,1
2020-10-20,1164,5
2020-10-21,1169,5
2020-10-22,1173,4
2020-10-23,1177,4
2020-10-24,1183,6
2020-10-25,1183,0
2020-10-26,1184,1
2020-10-27,1188,4
2020-10-28,1192,4
2020-10-29,1195,3
2020-10-30,1201,6
2020-10-31,1204,3
2020-11-1,1207,3
2020-11-2,1210,3
2020-11-3,1212,2
2020-11-4,1214,2
2020-11-5,1222,8
2020-11-6,1224,2
2020-11-7,1231,7
2020-11-8,1232,1
2020-11-9,1233,1
2020-11-10,1237,4
2020-11-11,1243,6
2020-11-12,1250,7
2020-11-13,1254,4
2020-11-14,1257,3
2020-11-15,1265,8
2020-11-16,1270,5
2020-11-17,1278,8
2020-11-18,1284,6
2020-11-19,1288,4
2020-11-20,1294,6
2020-11-21,1300,6
2020-11-22,1303,3
2020-11-23,1309,6
2020-11-24,1325,16
2020-11-25,1335,10
2020-11-26,1342,7
2020-11-27,1346,4
2020-11-28,1363,17
2020-11-29,1365,2
2020-11-30,1373,8
2020-12-1,1380,7
2020-12-2,1391,11
2020-12-3,1400,9
2020-12-4,1413,13
2020-12-5,1429,16
2020-12-6,1437,8
2020-12-7,1448,11
2020-12-8,1470,22
2020-12-9,1484,14
2020-12-10,1498,14
2020-12-11,1509,11
2020-12-12,1526,17
2020-12-13,1538,12
2020-12-14,1555,17
2020-12-15,1570,15
2020-12-16,1590,20
2020-12-17,1602,12
2020-12-18,1625,23
2020-12-19,1644,19
2020-12-20,1659,15
2020-12-21,1670,11
2020-12-22,1678,8
2020-12-23,1704,26
2020-12-24,1715,11
2020-12-25,1722,7
2020-12-26,1732,10
2020-12-27,1739,7
2020-12-28,1742,3
2020-12-29,1760,18
2020-12-30,1777,17
2020-12-31,1809,32
2021-1-1,1823,14
2021-1-2,1833,10
2021-1-3,1843,10
2021-1-4,1855,12
2021-1-5,1870,15
2021-1-6,1890,20
2021-1-7,1910,20
2021-1-8,1916,6
2021-1-9,1930,14
2021-1-10,1940,10
2021-1-11,1947,7
2021-1-12,1970,23
2021-1-13,1987,17
2021-1-14,1996,9
2021-1-15,2005,9
2021-1-16,2019,14
2021-1-17,2028,9
2021-1-18,2033,5
2021-1-19,2045,12
2021-1-20,2058,13
2021-1-21,2076,18
2021-1-22,2083,7
2021-1-23,2097,14
2021-1-24,2101,4
2021-1-25,2110,9
2021-1-26,2126,16
2021-1-27,2135,9
2021-1-28,2144,9
2021-1-29,2154,10
2021-1-30,2164,10
2021-1-31,2168,4
2021-2-1,2173,5
2021-2-2,2186,13
2021-2-3,2198,12
2021-2-4,2209,11
2021-2-5,2212,3
2021-2-6,2223,11
2021-2-7,2228,5
2021-2-8,2236,8
2021-2-9,2248,12
2021-2-10,2259,11
2021-2-11,2274,15
2021-2-12,2290,16
2021-2-13,2329,39
2021-2-14,2332,3
2021-2-15,2334,2
2021-2-16,2344,10
2021-2-17,2352,8
2021-2-18,2367,15
2021-2-19,2376,9
2021-2-20,2462,86
2021-2-21,2463,1
2021-2-22,2466,3
2021-2-23,2476,10
2021-2-24,2487,11
2021-2-25,2496,9
2021-2-26,2502,6
2021-2-27,2512,10
2021-2-28,2514,2
2021-3-1,2517,3
2021-3-2,2525,8
2021-3-3,2534,9
2021-3-4,2539,5
2021-3-5,2541,2
2021-3-6,2547,6
2021-3-7,2547,0
