Date,SCDATA.Death,SCDATA.DeathIncrease
2020-3-4,0,0
2020-3-5,0,0
2020-3-6,0,0
2020-3-7,0,0
2020-3-8,0,0
2020-3-9,0,0
2020-3-10,0,0
2020-3-11,0,0
2020-3-12,0,0
2020-3-13,0,0
2020-3-14,0,0
2020-3-15,0,0
2020-3-16,1,1
2020-3-17,1,0
2020-3-18,1,0
2020-3-19,1,0
2020-3-20,1,0
2020-3-21,1,0
2020-3-22,3,2
2020-3-23,5,2
2020-3-24,5,0
2020-3-25,7,2
2020-3-26,9,2
2020-3-27,9,0
2020-3-28,13,4
2020-3-29,16,3
2020-3-30,18,2
2020-3-31,22,4
2020-4-1,26,4
2020-4-2,31,5
2020-4-3,31,0
2020-4-4,40,9
2020-4-5,44,4
2020-4-6,44,0
2020-4-7,51,7
2020-4-8,63,12
2020-4-9,67,4
2020-4-10,72,5
2020-4-11,80,8
2020-4-12,82,2
2020-4-13,82,0
2020-4-14,97,15
2020-4-15,107,10
2020-4-16,107,0
2020-4-17,109,2
2020-4-18,119,10
2020-4-19,120,1
2020-4-20,120,0
2020-4-21,124,4
2020-4-22,140,16
2020-4-23,150,10
2020-4-24,150,0
2020-4-25,166,16
2020-4-26,174,8
2020-4-27,174,0
2020-4-28,177,3
2020-4-29,203,26
2020-4-30,244,41
2020-5-1,256,12
2020-5-2,267,11
2020-5-3,275,8
2020-5-4,275,0
2020-5-5,283,8
2020-5-6,305,22
2020-5-7,305,0
2020-5-8,316,11
2020-5-9,330,14
2020-5-10,331,1
2020-5-11,331,0
2020-5-12,355,24
2020-5-13,355,0
2020-5-14,371,16
2020-5-15,380,9
2020-5-16,380,0
2020-5-17,380,0
2020-5-18,391,11
2020-5-19,399,8
2020-5-20,399,0
2020-5-21,407,8
2020-5-22,419,12
2020-5-23,425,6
2020-5-24,435,10
2020-5-25,440,5
2020-5-26,446,6
2020-5-27,466,20
2020-5-28,470,4
2020-5-29,483,13
2020-5-30,487,4
2020-5-31,494,7
2020-6-1,500,6
2020-6-2,501,1
2020-6-3,518,17
2020-6-4,525,7
2020-6-5,538,13
2020-6-6,545,7
2020-6-7,546,1
2020-6-8,557,11
2020-6-9,568,11
2020-6-10,575,7
2020-6-11,588,13
2020-6-12,593,5
2020-6-13,599,6
2020-6-14,600,1
2020-6-15,602,2
2020-6-16,607,5
2020-6-17,617,10
2020-6-18,621,4
2020-6-19,639,18
2020-6-20,644,5
2020-6-21,653,9
2020-6-22,659,6
2020-6-23,673,14
2020-6-24,683,10
2020-6-25,693,10
2020-6-26,694,1
2020-6-27,711,17
2020-6-28,716,5
2020-6-29,720,4
2020-6-30,739,19
2020-7-1,766,27
2020-7-2,784,18
2020-7-3,793,9
2020-7-4,813,20
2020-7-5,820,7
2020-7-6,827,7
2020-7-7,846,19
2020-7-8,884,38
2020-7-9,905,21
2020-7-10,929,24
2020-7-11,951,22
2020-7-12,961,10
2020-7-13,972,11
2020-7-14,993,21
2020-7-15,998,5
2020-7-16,1070,72
2020-7-17,1096,26
2020-7-18,1135,39
2020-7-19,1155,20
2020-7-20,1164,9
2020-7-21,1221,57
2020-7-22,1285,64
2020-7-23,1334,49
2020-7-24,1385,51
2020-7-25,1465,80
2020-7-26,1491,26
2020-7-27,1506,15
2020-7-28,1565,59
2020-7-29,1615,50
2020-7-30,1667,52
2020-7-31,1712,45
2020-8-1,1751,39
2020-8-2,1777,26
2020-8-3,1793,16
2020-8-4,1847,54
2020-8-5,1894,47
2020-8-6,1943,49
2020-8-7,1962,19
2020-8-8,2007,45
2020-8-9,2031,24
2020-8-10,2049,18
2020-8-11,2098,49
2020-8-12,2144,46
2020-8-13,2186,42
2020-8-14,2204,18
2020-8-15,2260,56
2020-8-16,2269,9
2020-8-17,2288,19
2020-8-18,2343,55
2020-8-19,2360,17
2020-8-20,2401,41
2020-8-21,2459,58
2020-8-22,2493,34
2020-8-23,2504,11
2020-8-24,2511,7
2020-8-25,2529,18
2020-8-26,2573,44
2020-8-27,2628,55
2020-8-28,2655,27
2020-8-29,2698,43
2020-8-30,2709,11
2020-8-31,2720,11
2020-9-1,2757,37
2020-9-2,2794,37
2020-9-3,2807,13
2020-9-4,2846,39
2020-9-5,2877,31
2020-9-6,2887,10
2020-9-7,2907,20
2020-9-8,2912,5
2020-9-9,2942,30
2020-9-10,2975,33
2020-9-11,3028,53
2020-9-12,3040,12
2020-9-13,3064,24
2020-9-14,3077,13
2020-9-15,3098,21
2020-9-16,3132,34
2020-9-17,3158,26
2020-9-18,3177,19
2020-9-19,3188,11
2020-9-20,3199,11
2020-9-21,3212,13
2020-9-22,3243,31
2020-9-23,3262,19
2020-9-24,3279,17
2020-9-25,3297,18
2020-9-26,3323,26
2020-9-27,3326,3
2020-9-28,3337,11
2020-9-29,3359,22
2020-9-30,3378,19
2020-10-1,3400,22
2020-10-2,3409,9
2020-10-3,3442,33
2020-10-4,3453,11
2020-10-5,3456,3
2020-10-6,3471,15
2020-10-7,3502,31
2020-10-8,3514,12
2020-10-9,3530,16
2020-10-10,3551,21
2020-10-11,3552,1
2020-10-12,3559,7
2020-10-13,3576,17
2020-10-14,3593,17
2020-10-15,3607,14
2020-10-16,3615,8
2020-10-17,3637,22
2020-10-18,3650,13
2020-10-19,3661,11
2020-10-20,3696,35
2020-10-21,3708,12
2020-10-22,3755,47
2020-10-23,3777,22
2020-10-24,3793,16
2020-10-25,3802,9
2020-10-26,3823,21
2020-10-27,3842,19
2020-10-28,3876,34
2020-10-29,3889,13
2020-10-30,3896,7
2020-10-31,3935,39
2020-11-1,3936,1
2020-11-2,3946,10
2020-11-3,3968,22
2020-11-4,3985,17
2020-11-5,3992,7
2020-11-6,4005,13
2020-11-7,4015,10
2020-11-8,4036,21
2020-11-9,4041,5
2020-11-10,4062,21
2020-11-11,4076,14
2020-11-12,4084,8
2020-11-13,4101,17
2020-11-14,4110,9
2020-11-15,4112,2
2020-11-16,4143,31
2020-11-17,4156,13
2020-11-18,4182,26
2020-11-19,4201,19
2020-11-20,4231,30
2020-11-21,4274,43
2020-11-22,4283,9
2020-11-23,4288,5
2020-11-24,4313,25
2020-11-25,4317,4
2020-11-26,4317,0
2020-11-27,4346,29
2020-11-28,4346,0
2020-11-29,4353,7
2020-11-30,4381,28
2020-12-1,4404,23
2020-12-2,4444,40
2020-12-3,4466,22
2020-12-4,4496,30
2020-12-5,4517,21
2020-12-6,4566,49
2020-12-7,4579,13
2020-12-8,4585,6
2020-12-9,4612,27
2020-12-10,4627,15
2020-12-11,4673,46
2020-12-12,4685,12
2020-12-13,4739,54
2020-12-14,4751,12
2020-12-15,4756,5
2020-12-16,4800,44
2020-12-17,4843,43
2020-12-18,4872,29
2020-12-19,4895,23
2020-12-20,4935,40
2020-12-21,4962,27
2020-12-22,4976,14
2020-12-23,5028,52
2020-12-24,5043,15
2020-12-25,5043,0
2020-12-26,5124,81
2020-12-27,5155,31
2020-12-28,5173,18
2020-12-29,5198,25
2020-12-30,5249,51
2020-12-31,5296,47
2021-1-1,5296,0
2021-1-2,5385,89
2021-1-3,5469,84
2021-1-4,5484,15
2021-1-5,5498,14
2021-1-6,5582,84
2021-1-7,5661,79
2021-1-8,5695,34
2021-1-9,5758,63
2021-1-10,5811,53
2021-1-11,5826,15
2021-1-12,5860,34
2021-1-13,5911,51
2021-1-14,5934,23
2021-1-15,6037,103
2021-1-16,6108,71
2021-1-17,6237,129
2021-1-18,6248,11
2021-1-19,6259,11
2021-1-20,6328,69
2021-1-21,6373,45
2021-1-22,6404,31
2021-1-23,6479,75
2021-1-24,6547,68
2021-1-25,6552,5
2021-1-26,6578,26
2021-1-27,6673,95
2021-1-28,6903,230
2021-1-29,6942,39
2021-1-30,7014,72
2021-1-31,7042,28
2021-2-1,7283,241
2021-2-2,7318,35
2021-2-3,7394,76
2021-2-4,7487,93
2021-2-5,7553,66
2021-2-6,7611,58
2021-2-7,7651,40
2021-2-8,7690,39
2021-2-9,7693,3
2021-2-10,7742,49
2021-2-11,7837,95
2021-2-12,7894,57
2021-2-13,7911,17
2021-2-14,7998,87
2021-2-15,8034,36
2021-2-16,8055,21
2021-2-17,8117,62
2021-2-18,8155,38
2021-2-19,8213,58
2021-2-20,8256,43
2021-2-21,8324,68
2021-2-22,8332,8
2021-2-23,8357,25
2021-2-24,8398,41
2021-2-25,8443,45
2021-2-26,8477,34
2021-2-27,8498,21
2021-2-28,8530,32
2021-3-1,8562,32
2021-3-2,8576,14
2021-3-3,8620,44
2021-3-4,8660,40
2021-3-5,8699,39
2021-3-6,8719,20
2021-3-7,8754,35
